# energy, eels_NLFC_w, eels_LFC_w
0.000000, 0.000000, -0.000000
0.010004, 0.000036, 0.000020
0.020017, 0.000073, 0.000039
0.030037, 0.000110, 0.000059
0.040066, 0.000146, 0.000079
0.050104, 0.000183, 0.000098
0.060149, 0.000219, 0.000118
0.070204, 0.000256, 0.000138
0.080266, 0.000293, 0.000158
0.090337, 0.000330, 0.000177
0.100416, 0.000367, 0.000197
0.110503, 0.000404, 0.000217
0.120599, 0.000441, 0.000237
0.130704, 0.000478, 0.000257
0.140817, 0.000515, 0.000277
0.150938, 0.000552, 0.000297
0.161067, 0.000589, 0.000317
0.171206, 0.000626, 0.000337
0.181352, 0.000664, 0.000357
0.191507, 0.000701, 0.000377
0.201671, 0.000739, 0.000397
0.211843, 0.000777, 0.000418
0.222023, 0.000814, 0.000438
0.232212, 0.000852, 0.000458
0.242410, 0.000890, 0.000479
0.252616, 0.000928, 0.000499
0.262831, 0.000966, 0.000520
0.273054, 0.001004, 0.000540
0.283286, 0.001043, 0.000561
0.293526, 0.001081, 0.000581
0.303775, 0.001120, 0.000602
0.314032, 0.001159, 0.000623
0.324299, 0.001197, 0.000644
0.334573, 0.001236, 0.000664
0.344857, 0.001275, 0.000685
0.355149, 0.001315, 0.000706
0.365449, 0.001354, 0.000727
0.375759, 0.001393, 0.000749
0.386077, 0.001433, 0.000770
0.396404, 0.001473, 0.000791
0.406739, 0.001513, 0.000813
0.417083, 0.001553, 0.000834
0.427436, 0.001593, 0.000855
0.437798, 0.001633, 0.000877
0.448168, 0.001674, 0.000899
0.458547, 0.001715, 0.000921
0.468935, 0.001756, 0.000942
0.479332, 0.001797, 0.000964
0.489737, 0.001838, 0.000986
0.500151, 0.001880, 0.001009
0.510574, 0.001921, 0.001031
0.521006, 0.001963, 0.001053
0.531447, 0.002005, 0.001076
0.541896, 0.002047, 0.001098
0.552355, 0.002090, 0.001121
0.562822, 0.002133, 0.001144
0.573298, 0.002176, 0.001167
0.583783, 0.002219, 0.001190
0.594277, 0.002262, 0.001213
0.604780, 0.002306, 0.001236
0.615292, 0.002350, 0.001259
0.625812, 0.002394, 0.001283
0.636342, 0.002439, 0.001307
0.646881, 0.002484, 0.001330
0.657428, 0.002529, 0.001354
0.667985, 0.002574, 0.001378
0.678550, 0.002620, 0.001402
0.689125, 0.002665, 0.001427
0.699708, 0.002712, 0.001451
0.710301, 0.002758, 0.001476
0.720903, 0.002805, 0.001501
0.731513, 0.002852, 0.001526
0.742133, 0.002900, 0.001551
0.752762, 0.002948, 0.001576
0.763400, 0.002996, 0.001602
0.774047, 0.003045, 0.001628
0.784703, 0.003094, 0.001653
0.795368, 0.003143, 0.001679
0.806042, 0.003193, 0.001706
0.816726, 0.003243, 0.001732
0.827418, 0.003294, 0.001759
0.838120, 0.003345, 0.001786
0.848831, 0.003396, 0.001813
0.859551, 0.003448, 0.001840
0.870280, 0.003501, 0.001868
0.881019, 0.003554, 0.001896
0.891767, 0.003607, 0.001924
0.902524, 0.003661, 0.001952
0.913290, 0.003716, 0.001981
0.924066, 0.003771, 0.002010
0.934850, 0.003826, 0.002039
0.945645, 0.003883, 0.002068
0.956448, 0.003939, 0.002098
0.967261, 0.003997, 0.002128
0.978083, 0.004055, 0.002158
0.988914, 0.004113, 0.002189
0.999755, 0.004173, 0.002220
1.010605, 0.004233, 0.002251
1.021464, 0.004294, 0.002283
1.032333, 0.004355, 0.002315
1.043211, 0.004418, 0.002347
1.054099, 0.004481, 0.002380
1.064996, 0.004545, 0.002414
1.075902, 0.004610, 0.002447
1.086818, 0.004676, 0.002481
1.097744, 0.004742, 0.002516
1.108678, 0.004810, 0.002551
1.119623, 0.004879, 0.002587
1.130576, 0.004948, 0.002623
1.141540, 0.005019, 0.002659
1.152512, 0.005091, 0.002697
1.163495, 0.005164, 0.002734
1.174487, 0.005238, 0.002773
1.185488, 0.005314, 0.002812
1.196499, 0.005391, 0.002851
1.207520, 0.005469, 0.002892
1.218550, 0.005549, 0.002933
1.229590, 0.005630, 0.002974
1.240639, 0.005712, 0.003017
1.251698, 0.005796, 0.003060
1.262767, 0.005882, 0.003104
1.273845, 0.005969, 0.003148
1.284933, 0.006057, 0.003194
1.296031, 0.006148, 0.003240
1.307138, 0.006240, 0.003287
1.318255, 0.006333, 0.003335
1.329382, 0.006428, 0.003384
1.340518, 0.006525, 0.003433
1.351664, 0.006624, 0.003483
1.362820, 0.006724, 0.003534
1.373986, 0.006825, 0.003586
1.385162, 0.006929, 0.003639
1.396347, 0.007033, 0.003692
1.407542, 0.007140, 0.003746
1.418747, 0.007248, 0.003801
1.429962, 0.007359, 0.003857
1.441186, 0.007471, 0.003915
1.452421, 0.007586, 0.003973
1.463665, 0.007704, 0.004032
1.474920, 0.007825, 0.004093
1.486184, 0.007948, 0.004156
1.497458, 0.008076, 0.004220
1.508742, 0.008207, 0.004286
1.520036, 0.008342, 0.004355
1.531339, 0.008482, 0.004425
1.542653, 0.008626, 0.004498
1.553977, 0.008776, 0.004573
1.565311, 0.008931, 0.004651
1.576655, 0.009092, 0.004732
1.588008, 0.009259, 0.004817
1.599372, 0.009433, 0.004904
1.610746, 0.009614, 0.004995
1.622130, 0.009802, 0.005089
1.633524, 0.009998, 0.005188
1.644928, 0.010203, 0.005290
1.656342, 0.010416, 0.005397
1.667767, 0.010639, 0.005509
1.679201, 0.010871, 0.005625
1.690646, 0.011113, 0.005746
1.702100, 0.011365, 0.005873
1.713565, 0.011629, 0.006004
1.725040, 0.011903, 0.006142
1.736525, 0.012188, 0.006284
1.748021, 0.012484, 0.006432
1.759526, 0.012791, 0.006585
1.771042, 0.013108, 0.006744
1.782568, 0.013434, 0.006907
1.794105, 0.013768, 0.007073
1.805651, 0.014110, 0.007243
1.817208, 0.014456, 0.007416
1.828776, 0.014805, 0.007589
1.840353, 0.015155, 0.007763
1.851941, 0.015505, 0.007936
1.863539, 0.015851, 0.008107
1.875148, 0.016192, 0.008275
1.886767, 0.016528, 0.008440
1.898396, 0.016857, 0.008600
1.910036, 0.017181, 0.008758
1.921686, 0.017502, 0.008912
1.933346, 0.017820, 0.009065
1.945017, 0.018140, 0.009218
1.956699, 0.018465, 0.009373
1.968391, 0.018800, 0.009531
1.980093, 0.019148, 0.009695
1.991806, 0.019515, 0.009868
2.003529, 0.019903, 0.010050
2.015263, 0.020317, 0.010244
2.027008, 0.020760, 0.010453
2.038763, 0.021235, 0.010676
2.050528, 0.021744, 0.010916
2.062305, 0.022290, 0.011174
2.074091, 0.022873, 0.011449
2.085889, 0.023493, 0.011743
2.097697, 0.024150, 0.012055
2.109515, 0.024843, 0.012385
2.121344, 0.025567, 0.012731
2.133184, 0.026320, 0.013091
2.145035, 0.027093, 0.013463
2.156896, 0.027880, 0.013844
2.168768, 0.028671, 0.014228
2.180651, 0.029455, 0.014610
2.192545, 0.030218, 0.014985
2.204449, 0.030948, 0.015347
2.216364, 0.031632, 0.015688
2.228289, 0.032258, 0.016004
2.240226, 0.032816, 0.016289
2.252173, 0.033300, 0.016539
2.264132, 0.033707, 0.016752
2.276101, 0.034040, 0.016930
2.288081, 0.034303, 0.017073
2.300071, 0.034508, 0.017186
2.312073, 0.034667, 0.017276
2.324086, 0.034796, 0.017349
2.336109, 0.034910, 0.017414
2.348143, 0.035027, 0.017477
2.360189, 0.035161, 0.017546
2.372245, 0.035327, 0.017629
2.384312, 0.035536, 0.017731
2.396391, 0.035799, 0.017859
2.408480, 0.036123, 0.018014
2.420580, 0.036516, 0.018202
2.432691, 0.036980, 0.018425
2.444814, 0.037518, 0.018682
2.456947, 0.038131, 0.018975
2.469092, 0.038818, 0.019304
2.481247, 0.039575, 0.019666
2.493414, 0.040399, 0.020061
2.505592, 0.041284, 0.020485
2.517781, 0.042222, 0.020935
2.529981, 0.043208, 0.021408
2.542192, 0.044231, 0.021899
2.554415, 0.045283, 0.022405
2.566649, 0.046356, 0.022920
2.578894, 0.047441, 0.023442
2.591150, 0.048529, 0.023966
2.603417, 0.049612, 0.024488
2.615696, 0.050683, 0.025004
2.627986, 0.051735, 0.025511
2.640287, 0.052762, 0.026006
2.652600, 0.053758, 0.026486
2.664923, 0.054716, 0.026948
2.677259, 0.055631, 0.027388
2.689605, 0.056496, 0.027803
2.701963, 0.057305, 0.028191
2.714332, 0.058050, 0.028548
2.726713, 0.058728, 0.028871
2.739105, 0.059333, 0.029158
2.751509, 0.059865, 0.029408
2.763924, 0.060328, 0.029624
2.776351, 0.060729, 0.029808
2.788789, 0.061081, 0.029966
2.801238, 0.061398, 0.030105
2.813699, 0.061698, 0.030234
2.826172, 0.061999, 0.030362
2.838656, 0.062319, 0.030498
2.851151, 0.062673, 0.030649
2.863659, 0.063071, 0.030821
2.876177, 0.063521, 0.031018
2.888708, 0.064024, 0.031242
2.901250, 0.064580, 0.031493
2.913804, 0.065184, 0.031770
2.926369, 0.065832, 0.032068
2.938946, 0.066515, 0.032386
2.951535, 0.067230, 0.032720
2.964135, 0.067971, 0.033068
2.976747, 0.068738, 0.033428
2.989371, 0.069528, 0.033799
3.002007, 0.070345, 0.034180
3.014654, 0.071188, 0.034574
3.027314, 0.072061, 0.034979
3.039985, 0.072965, 0.035398
3.052668, 0.073903, 0.035830
3.065362, 0.074875, 0.036277
3.078069, 0.075883, 0.036740
3.090787, 0.076929, 0.037221
3.103518, 0.078015, 0.037719
3.116260, 0.079139, 0.038237
3.129014, 0.080302, 0.038774
3.141780, 0.081497, 0.039330
3.154558, 0.082717, 0.039900
3.167348, 0.083947, 0.040480
3.180150, 0.085171, 0.041062
3.192965, 0.086366, 0.041636
3.205791, 0.087506, 0.042193
3.218629, 0.088569, 0.042718
3.231479, 0.089529, 0.043202
3.244341, 0.090369, 0.043634
3.257215, 0.091075, 0.044007
3.270102, 0.091645, 0.044317
3.283001, 0.092084, 0.044564
3.295911, 0.092404, 0.044754
3.308834, 0.092628, 0.044894
3.321769, 0.092780, 0.044994
3.334716, 0.092889, 0.045068
3.347676, 0.092983, 0.045127
3.360648, 0.093086, 0.045183
3.373632, 0.093219, 0.045246
3.386628, 0.093397, 0.045324
3.399636, 0.093628, 0.045420
3.412657, 0.093918, 0.045538
3.425690, 0.094269, 0.045679
3.438736, 0.094681, 0.045844
3.451793, 0.095154, 0.046033
3.464864, 0.095690, 0.046248
3.477946, 0.096293, 0.046491
3.491041, 0.096966, 0.046765
3.504149, 0.097715, 0.047072
3.517268, 0.098544, 0.047416
3.530401, 0.099453, 0.047797
3.543545, 0.100441, 0.048215
3.556703, 0.101507, 0.048671
3.569872, 0.102644, 0.049162
3.583055, 0.103847, 0.049685
3.596250, 0.105111, 0.050239
3.609457, 0.106431, 0.050822
3.622677, 0.107803, 0.051432
3.635910, 0.109225, 0.052068
3.649155, 0.110693, 0.052729
3.662413, 0.112202, 0.053414
3.675683, 0.113745, 0.054120
3.688966, 0.115311, 0.054842
3.702262, 0.116884, 0.055576
3.715571, 0.118447, 0.056312
3.728892, 0.119978, 0.057042
3.742226, 0.121455, 0.057755
3.755573, 0.122853, 0.058440
3.768933, 0.124152, 0.059086
3.782305, 0.125331, 0.059681
3.795690, 0.126375, 0.060219
3.809088, 0.127274, 0.060691
3.822499, 0.128022, 0.061093
3.835923, 0.128622, 0.061424
3.849360, 0.129079, 0.061684
3.862809, 0.129403, 0.061876
3.876272, 0.129607, 0.062005
3.889747, 0.129707, 0.062077
3.903236, 0.129723, 0.062100
3.916737, 0.129676, 0.062083
3.930252, 0.129591, 0.062038
3.943779, 0.129497, 0.061977
3.957320, 0.129423, 0.061916
3.970873, 0.129403, 0.061868
3.984440, 0.129466, 0.061851
3.998020, 0.129644, 0.061878
4.011613, 0.129962, 0.061962
4.025219, 0.130445, 0.062118
4.038838, 0.131114, 0.062354
4.052470, 0.131987, 0.062680
4.066116, 0.133083, 0.063106
4.079774, 0.134415, 0.063639
4.093446, 0.135995, 0.064285
4.107132, 0.137827, 0.065049
4.120830, 0.139909, 0.065930
4.134542, 0.142231, 0.066928
4.148267, 0.144771, 0.068035
4.162005, 0.147497, 0.069240
4.175757, 0.150368, 0.070527
4.189522, 0.153334, 0.071876
4.203301, 0.156340, 0.073266
4.217093, 0.159333, 0.074675
4.230898, 0.162258, 0.076078
4.244717, 0.165069, 0.077457
4.258550, 0.167727, 0.078791
4.272395, 0.170200, 0.080067
4.286255, 0.172468, 0.081272
4.300127, 0.174515, 0.082397
4.314014, 0.176333, 0.083436
4.327914, 0.177919, 0.084383
4.341827, 0.179270, 0.085233
4.355754, 0.180385, 0.085980
4.369695, 0.181260, 0.086618
4.383650, 0.181894, 0.087141
4.397618, 0.182283, 0.087542
4.411599, 0.182429, 0.087817
4.425595, 0.182335, 0.087962
4.439604, 0.182016, 0.087979
4.453627, 0.181496, 0.087874
4.467664, 0.180810, 0.087660
4.481714, 0.180007, 0.087357
4.495779, 0.179148, 0.086993
4.509857, 0.178306, 0.086600
4.523949, 0.177558, 0.086217
4.538054, 0.176984, 0.085884
4.552174, 0.176661, 0.085642
4.566308, 0.176655, 0.085529
4.580455, 0.177018, 0.085574
4.594617, 0.177780, 0.085802
4.608792, 0.178953, 0.086224
4.622982, 0.180521, 0.086843
4.637185, 0.182446, 0.087648
4.651403, 0.184667, 0.088621
4.665635, 0.187104, 0.089730
4.679880, 0.189658, 0.090937
4.694140, 0.192224, 0.092196
4.708414, 0.194687, 0.093456
4.722702, 0.196942, 0.094666
4.737004, 0.198891, 0.095774
4.751320, 0.200457, 0.096737
4.765651, 0.201589, 0.097516
4.779996, 0.202264, 0.098088
4.794355, 0.202497, 0.098444
4.808728, 0.202331, 0.098591
4.823116, 0.201837, 0.098551
4.837517, 0.201107, 0.098359
4.851934, 0.200243, 0.098059
4.866364, 0.199344, 0.097700
4.880809, 0.198503, 0.097326
4.895268, 0.197793, 0.096980
4.909742, 0.197272, 0.096695
4.924230, 0.196977, 0.096497
4.938733, 0.196931, 0.096402
4.953250, 0.197147, 0.096424
4.967782, 0.197629, 0.096571
4.982328, 0.198375, 0.096848
4.996889, 0.199379, 0.097257
5.011464, 0.200626, 0.097797
5.026054, 0.202093, 0.098463
5.040658, 0.203747, 0.099243
5.055277, 0.205543, 0.100120
5.069911, 0.207424, 0.101070
5.084559, 0.209325, 0.102065
5.099222, 0.211175, 0.103070
5.113900, 0.212898, 0.104046
5.128593, 0.214418, 0.104954
5.143300, 0.215664, 0.105755
5.158022, 0.216576, 0.106412
5.172759, 0.217112, 0.106895
5.187511, 0.217255, 0.107183
5.202277, 0.217018, 0.107273
5.217059, 0.216444, 0.107173
5.231855, 0.215604, 0.106910
5.246667, 0.214588, 0.106524
5.261493, 0.213493, 0.106060
5.276334, 0.212414, 0.105568
5.291190, 0.211429, 0.105090
5.306062, 0.210598, 0.104665
5.320948, 0.209959, 0.104317
5.335849, 0.209525, 0.104061
5.350766, 0.209289, 0.103899
5.365697, 0.209227, 0.103825
5.380644, 0.209302, 0.103823
5.395605, 0.209467, 0.103871
5.410582, 0.209673, 0.103947
5.425575, 0.209874, 0.104025
5.440582, 0.210032, 0.104084
5.455604, 0.210122, 0.104109
5.470642, 0.210135, 0.104090
5.485696, 0.210075, 0.104025
5.500764, 0.209956, 0.103921
5.515848, 0.209805, 0.103786
5.530947, 0.209651, 0.103634
5.546062, 0.209530, 0.103482
5.561191, 0.209480, 0.103347
5.576337, 0.209540, 0.103250
5.591498, 0.209753, 0.103212
5.606674, 0.210157, 0.103253
5.621866, 0.210784, 0.103393
5.637073, 0.211654, 0.103644
5.652296, 0.212771, 0.104014
5.667534, 0.214121, 0.104503
5.682789, 0.215674, 0.105100
5.698058, 0.217386, 0.105789
5.713343, 0.219203, 0.106546
5.728644, 0.221069, 0.107347
5.743961, 0.222926, 0.108165
5.759294, 0.224725, 0.108973
5.774642, 0.226422, 0.109749
5.790006, 0.227985, 0.110473
5.805385, 0.229390, 0.111133
5.820781, 0.230631, 0.111720
5.836192, 0.231710, 0.112233
5.851619, 0.232643, 0.112676
5.867062, 0.233454, 0.113058
5.882521, 0.234169, 0.113388
5.897996, 0.234811, 0.113678
5.913487, 0.235396, 0.113933
5.928994, 0.235930, 0.114157
5.944517, 0.236412, 0.114348
5.960056, 0.236838, 0.114502
5.975611, 0.237203, 0.114615
5.991182, 0.237514, 0.114685
6.006769, 0.237787, 0.114719
6.022372, 0.238052, 0.114724
6.037992, 0.238349, 0.114719
6.053627, 0.238728, 0.114725
6.069279, 0.239239, 0.114766
6.084947, 0.239932, 0.114866
6.100632, 0.240847, 0.115046
6.116332, 0.242007, 0.115321
6.132049, 0.243420, 0.115696
6.147782, 0.245072, 0.116170
6.163532, 0.246936, 0.116732
6.179298, 0.248969, 0.117363
6.195081, 0.251126, 0.118043
6.210879, 0.253358, 0.118746
6.226695, 0.255625, 0.119453
6.242527, 0.257901, 0.120145
6.258375, 0.260171, 0.120810
6.274240, 0.262442, 0.121444
6.290121, 0.264736, 0.122052
6.306019, 0.267090, 0.122644
6.321934, 0.269553, 0.123235
6.337865, 0.272180, 0.123845
6.353813, 0.275029, 0.124497
6.369778, 0.278162, 0.125213
6.385759, 0.281638, 0.126017
6.401758, 0.285521, 0.126934
6.417773, 0.289875, 0.127989
6.433804, 0.294771, 0.129213
6.449853, 0.300279, 0.130636
6.465918, 0.306472, 0.132291
6.482001, 0.313419, 0.134212
6.498100, 0.321181, 0.136431
6.514216, 0.329803, 0.138975
6.530349, 0.339308, 0.141862
6.546499, 0.349691, 0.145103
6.562666, 0.360919, 0.148697
6.578850, 0.372924, 0.152629
6.595052, 0.385610, 0.156872
6.611270, 0.398859, 0.161391
6.627505, 0.412539, 0.166139
6.643758, 0.426511, 0.171068
6.660028, 0.440646, 0.176126
6.676315, 0.454825, 0.181264
6.692619, 0.468953, 0.186440
6.708940, 0.482956, 0.191616
6.725279, 0.496786, 0.196765
6.741635, 0.510422, 0.201865
6.758009, 0.523872, 0.206909
6.774399, 0.537179, 0.211900
6.790808, 0.550419, 0.216855
6.807233, 0.563699, 0.221808
6.823676, 0.577142, 0.226808
6.840137, 0.590879, 0.231910
6.856615, 0.605019, 0.237175
6.873111, 0.619634, 0.242656
6.889624, 0.634750, 0.248392
6.906154, 0.650344, 0.254407
6.922703, 0.666358, 0.260706
6.939269, 0.682711, 0.267281
6.955853, 0.699311, 0.274115
6.972454, 0.716060, 0.281188
6.989073, 0.732846, 0.288473
7.005710, 0.749529, 0.295936
7.022365, 0.765930, 0.303528
7.039037, 0.781829, 0.311178
7.055728, 0.796985, 0.318794
7.072436, 0.811181, 0.326267
7.089162, 0.824275, 0.333489
7.105906, 0.836256, 0.340378
7.122668, 0.847259, 0.346901
7.139448, 0.857549, 0.353082
7.156246, 0.867460, 0.359004
7.173062, 0.877322, 0.364783
7.189897, 0.887394, 0.370545
7.206749, 0.897825, 0.376394
7.223619, 0.908664, 0.382402
7.240508, 0.919885, 0.388606
7.257415, 0.931447, 0.395019
7.274340, 0.943325, 0.401651
7.291283, 0.955537, 0.408526
7.308245, 0.968125, 0.415688
7.325225, 0.981126, 0.423197
7.342223, 0.994526, 0.431115
7.359239, 1.008234, 0.439481
7.376274, 1.022088, 0.448300
7.393328, 1.035888, 0.457540
7.410400, 1.049463, 0.467142
7.427490, 1.062724, 0.477051
7.444599, 1.075699, 0.487248
7.461727, 1.088514, 0.497776
7.478873, 1.101322, 0.508752
7.496037, 1.114199, 0.520345
7.513221, 1.127034, 0.532743
7.530423, 1.139459, 0.546097
7.547643, 1.150832, 0.560469
7.564883, 1.160308, 0.575792
7.582141, 1.166970, 0.591857
7.599418, 1.169999, 0.608316
7.616714, 1.168826, 0.624722
7.634029, 1.163226, 0.640574
7.651362, 1.153337, 0.655366
7.668715, 1.139608, 0.668633
7.686086, 1.122731, 0.679978
7.703477, 1.103568, 0.689114
7.720886, 1.083082, 0.695895
7.738314, 1.062285, 0.700358
7.755762, 1.042175, 0.702755
7.773229, 1.023660, 0.703551
7.790715, 1.007486, 0.703393
7.808220, 0.994171, 0.703029
7.825744, 0.983951, 0.703221
7.843287, 0.976760, 0.704653
7.860850, 0.972228, 0.707855
7.878432, 0.969716, 0.713163
7.896033, 0.968373, 0.720693
7.913654, 0.967221, 0.730348
7.931294, 0.965256, 0.741831
7.948953, 0.961552, 0.754672
7.966632, 0.955364, 0.768268
7.984331, 0.946201, 0.781929
8.002049, 0.933864, 0.794942
8.019786, 0.918437, 0.806635
8.037543, 0.900237, 0.816436
8.055320, 0.879740, 0.823914
8.073117, 0.857494, 0.828804
8.090933, 0.834048, 0.831003
8.108768, 0.809900, 0.830545
8.126624, 0.785463, 0.827574
8.144499, 0.761052, 0.822301
8.162394, 0.736881, 0.814965
8.180309, 0.713063, 0.805783
8.198244, 0.689629, 0.794902
8.216199, 0.666568, 0.782382
8.234174, 0.643865, 0.768210
8.252168, 0.621555, 0.752355
8.270183, 0.599737, 0.734851
8.288218, 0.578580, 0.715861
8.306273, 0.558284, 0.695695
8.324348, 0.539052, 0.674792
8.342443, 0.521048, 0.653659
8.360558, 0.504386, 0.632808
8.378694, 0.489112, 0.612694
8.396849, 0.475208, 0.593680
8.415025, 0.462581, 0.576002
8.433222, 0.451070, 0.559748
8.451438, 0.440449, 0.544860
8.469676, 0.430442, 0.531143
8.487933, 0.420761, 0.518296
8.506211, 0.411134, 0.505962
8.524509, 0.401343, 0.493781
8.542828, 0.391244, 0.481442
8.561168, 0.380776, 0.468714
8.579528, 0.369952, 0.455461
8.597909, 0.358848, 0.441646
8.616310, 0.347589, 0.427320
8.634732, 0.336335, 0.412617
8.653175, 0.325270, 0.397746
8.671639, 0.314581, 0.382961
8.690123, 0.304437, 0.368535
8.708629, 0.294968, 0.354719
8.727155, 0.286255, 0.341713
8.745702, 0.278325, 0.329647
8.764270, 0.271161, 0.318584
8.782859, 0.264713, 0.308527
8.801469, 0.258912, 0.299437
8.820100, 0.253680, 0.291244
8.838752, 0.248927, 0.283855
8.857425, 0.244557, 0.277155
8.876119, 0.240467, 0.271014
8.894835, 0.236551, 0.265287
8.913572, 0.232715, 0.259836
8.932330, 0.228887, 0.254540
8.951109, 0.225022, 0.249312
8.969910, 0.221105, 0.244101
8.988732, 0.217132, 0.238884
9.007575, 0.213101, 0.233646
9.026440, 0.208988, 0.228362
9.045327, 0.204749, 0.222985
9.064235, 0.200325, 0.217450
9.083164, 0.195662, 0.211689
9.102115, 0.190729, 0.205654
9.121088, 0.185532, 0.199337
9.140082, 0.180115, 0.192770
9.159098, 0.174552, 0.186023
9.178136, 0.168930, 0.179188
9.197196, 0.163338, 0.172364
9.216277, 0.157858, 0.165643
9.235380, 0.152559, 0.159109
9.254506, 0.147499, 0.152831
9.273653, 0.142725, 0.146867
9.292822, 0.138276, 0.141265
9.312013, 0.134187, 0.136066
9.331226, 0.130486, 0.131304
9.350461, 0.127198, 0.127006
9.369719, 0.124340, 0.123189
9.388998, 0.121916, 0.119860
9.408300, 0.119924, 0.117015
9.427624, 0.118348, 0.114639
9.446970, 0.117159, 0.112704
9.466338, 0.116317, 0.111172
9.485729, 0.115762, 0.109990
9.505142, 0.115424, 0.109094
9.524578, 0.115219, 0.108405
9.544036, 0.115054, 0.107839
9.563517, 0.114839, 0.107309
9.583020, 0.114488, 0.106731
9.602546, 0.113929, 0.106028
9.622094, 0.113104, 0.105131
9.641665, 0.111975, 0.103987
9.661259, 0.110520, 0.102557
9.680875, 0.108742, 0.100823
9.700515, 0.106662, 0.098788
9.720177, 0.104318, 0.096479
9.739862, 0.101767, 0.093943
9.759570, 0.099077, 0.091245
9.779300, 0.096318, 0.088457
9.799054, 0.093559, 0.085652
9.818831, 0.090857, 0.082888
9.838631, 0.088257, 0.080212
9.858454, 0.085787, 0.077655
9.878300, 0.083466, 0.075235
9.898169, 0.081305, 0.072960
9.918061, 0.079307, 0.070835
9.937977, 0.077471, 0.068860
9.957916, 0.075794, 0.067033
9.977879, 0.074269, 0.065349
9.997865, 0.072883, 0.063801
10.017874, 0.071623, 0.062383
10.037906, 0.070475, 0.061084
10.057963, 0.069421, 0.059893
10.078042, 0.068445, 0.058797
10.098146, 0.067532, 0.057785
10.118273, 0.066670, 0.056843
10.138423, 0.065850, 0.055961
10.158598, 0.065064, 0.055128
10.178796, 0.064308, 0.054336
10.199018, 0.063576, 0.053577
10.219264, 0.062862, 0.052843
10.239533, 0.062163, 0.052128
10.259827, 0.061474, 0.051430
10.280144, 0.060793, 0.050747
10.300486, 0.060120, 0.050079
10.320852, 0.059452, 0.049423
10.341241, 0.058781, 0.048775
10.361655, 0.058099, 0.048125
10.382093, 0.057396, 0.047464
10.402555, 0.056667, 0.046784
10.423042, 0.055912, 0.046081
10.443553, 0.055139, 0.045360
10.464088, 0.054362, 0.044632
10.484648, 0.053599, 0.043913
10.505232, 0.052865, 0.043221
10.525840, 0.052176, 0.042571
10.546473, 0.051540, 0.041974
10.567131, 0.050961, 0.041439
10.587813, 0.050444, 0.040966
10.608520, 0.049988, 0.040558
10.629252, 0.049593, 0.040207
10.650008, 0.049253, 0.039908
10.670789, 0.048961, 0.039644
10.691595, 0.048705, 0.039401
10.712426, 0.048470, 0.039161
10.733282, 0.048243, 0.038906
10.754163, 0.048011, 0.038627
10.775069, 0.047770, 0.038318
10.796000, 0.047519, 0.037983
10.816956, 0.047263, 0.037632
10.837937, 0.047012, 0.037279
10.858943, 0.046774, 0.036939
10.879975, 0.046555, 0.036625
10.901032, 0.046359, 0.036346
10.922114, 0.046183, 0.036105
10.943222, 0.046027, 0.035901
10.964355, 0.045888, 0.035733
10.985513, 0.045767, 0.035599
11.006697, 0.045669, 0.035496
11.027907, 0.045597, 0.035421
11.049142, 0.045556, 0.035372
11.070403, 0.045542, 0.035341
11.091689, 0.045551, 0.035318
11.113002, 0.045573, 0.035289
11.134340, 0.045596, 0.035241
11.155704, 0.045612, 0.035165
11.177094, 0.045620, 0.035057
11.198510, 0.045623, 0.034919
11.219951, 0.045631, 0.034761
11.241419, 0.045657, 0.034596
11.262913, 0.045713, 0.034439
11.284433, 0.045809, 0.034306
11.305979, 0.045952, 0.034208
11.327552, 0.046147, 0.034157
11.349150, 0.046398, 0.034161
11.370775, 0.046709, 0.034229
11.392427, 0.047083, 0.034366
11.414105, 0.047524, 0.034578
11.435809, 0.048034, 0.034867
11.457540, 0.048613, 0.035230
11.479297, 0.049264, 0.035662
11.501081, 0.049988, 0.036156
11.522892, 0.050786, 0.036699
11.544729, 0.051659, 0.037278
11.566593, 0.052609, 0.037881
11.588484, 0.053641, 0.038497
11.610402, 0.054760, 0.039118
11.632346, 0.055974, 0.039742
11.654318, 0.057297, 0.040371
11.676317, 0.058746, 0.041012
11.698342, 0.060340, 0.041675
11.720395, 0.062097, 0.042374
11.742475, 0.064034, 0.043119
11.764582, 0.066164, 0.043926
11.786717, 0.068497, 0.044806
11.808878, 0.071044, 0.045776
11.831067, 0.073816, 0.046850
11.853284, 0.076823, 0.048045
11.875528, 0.080072, 0.049376
11.897799, 0.083567, 0.050856
11.920098, 0.087304, 0.052493
11.942425, 0.091276, 0.054287
11.964779, 0.095465, 0.056234
11.987161, 0.099847, 0.058319
12.009571, 0.104386, 0.060521
12.032008, 0.109036, 0.062809
12.054474, 0.113747, 0.065147
12.076967, 0.118472, 0.067498
12.099488, 0.123176, 0.069827
12.122038, 0.127842, 0.072109
12.144615, 0.132473, 0.074329
12.167221, 0.137088, 0.076484
12.189854, 0.141711, 0.078585
12.212516, 0.146362, 0.080647
12.235207, 0.151037, 0.082684
12.257925, 0.155696, 0.084696
12.280672, 0.160250, 0.086668
12.303448, 0.164574, 0.088565
12.326252, 0.168519, 0.090336
12.349084, 0.171948, 0.091930
12.371945, 0.174763, 0.093307
12.394835, 0.176929, 0.094447
12.417754, 0.178486, 0.095361
12.440701, 0.179540, 0.096088
12.463677, 0.180233, 0.096686
12.486682, 0.180714, 0.097218
12.509716, 0.181116, 0.097740
12.532779, 0.181536, 0.098289
12.555871, 0.182041, 0.098891
12.578992, 0.182673, 0.099556
12.602142, 0.183464, 0.100292
12.625321, 0.184440, 0.101102
12.648530, 0.185621, 0.101986
12.671768, 0.187009, 0.102937
12.695035, 0.188583, 0.103933
12.718332, 0.190296, 0.104948
12.741658, 0.192091, 0.105949
12.765014, 0.193909, 0.106909
12.788399, 0.195701, 0.107815
12.811814, 0.197428, 0.108663
12.835259, 0.199046, 0.109454
12.858734, 0.200495, 0.110187
12.882238, 0.201703, 0.110851
12.905772, 0.202588, 0.111427
12.929336, 0.203072, 0.111888
12.952931, 0.203097, 0.112208
12.976555, 0.202639, 0.112362
13.000209, 0.201723, 0.112339
13.023894, 0.200429, 0.112152
13.047608, 0.198898, 0.111841
13.071353, 0.197314, 0.111475
13.095129, 0.195883, 0.111144
13.118935, 0.194801, 0.110942
13.142771, 0.194235, 0.110957
13.166637, 0.194301, 0.111255
13.190535, 0.195055, 0.111876
13.214463, 0.196485, 0.112822
13.238421, 0.198511, 0.114059
13.262411, 0.200990, 0.115519
13.286431, 0.203725, 0.117103
13.310482, 0.206484, 0.118691
13.334564, 0.209021, 0.120157
13.358677, 0.211098, 0.121375
13.382821, 0.212516, 0.122243
13.406996, 0.213150, 0.122688
13.431202, 0.212975, 0.122689
13.455440, 0.212083, 0.122277
13.479709, 0.210676, 0.121541
13.504009, 0.209026, 0.120611
13.528340, 0.207421, 0.119636
13.552703, 0.206107, 0.118758
13.577098, 0.205250, 0.118088
13.601524, 0.204918, 0.117689
13.625982, 0.205100, 0.117582
13.650471, 0.205742, 0.117756
13.674993, 0.206792, 0.118193
13.699546, 0.208218, 0.118880
13.724131, 0.210001, 0.119814
13.748748, 0.212103, 0.120983
13.773397, 0.214445, 0.122350
13.798078, 0.216899, 0.123840
13.822792, 0.219318, 0.125345
13.847537, 0.221575, 0.126749
13.872315, 0.223591, 0.127955
13.897125, 0.225354, 0.128906
13.921968, 0.226909, 0.129603
13.946843, 0.228336, 0.130088
13.971750, 0.229720, 0.130434
13.996690, 0.231121, 0.130712
14.021663, 0.232558, 0.130976
14.046669, 0.234001, 0.131254
14.071707, 0.235384, 0.131545
14.096778, 0.236625, 0.131827
14.121882, 0.237643, 0.132065
14.147020, 0.238391, 0.132226
14.172190, 0.238872, 0.132287
14.197393, 0.239130, 0.132248
14.222629, 0.239207, 0.132119
14.247899, 0.239098, 0.131903
14.273202, 0.238750, 0.131594
14.298538, 0.238109, 0.131186
14.323908, 0.237192, 0.130701
14.349311, 0.236130, 0.130202
14.374748, 0.235146, 0.129793
14.400219, 0.234494, 0.129592
14.425723, 0.234404, 0.129703
14.451261, 0.235034, 0.130200
14.476833, 0.236463, 0.131114
14.502439, 0.238665, 0.132428
14.528079, 0.241512, 0.134067
14.553752, 0.244793, 0.135908
14.579460, 0.248265, 0.137800
14.605202, 0.251703, 0.139598
14.630979, 0.254943, 0.141195
14.656789, 0.257873, 0.142529
14.682634, 0.260409, 0.143578
14.708514, 0.262456, 0.144333
14.734428, 0.263920, 0.144785
14.760376, 0.264743, 0.144926
14.786360, 0.264945, 0.144763
14.812378, 0.264634, 0.144330
14.838431, 0.263978, 0.143693
14.864518, 0.263179, 0.142944
14.890641, 0.262443, 0.142197
14.916799, 0.261968, 0.141570
14.942991, 0.261913, 0.141170
14.969219, 0.262365, 0.141067
14.995482, 0.263315, 0.141279
15.021781, 0.264659, 0.141764
15.048114, 0.266215, 0.142432
15.074484, 0.267770, 0.143163
15.100888, 0.269130, 0.143828
15.127329, 0.270175, 0.144323
15.153804, 0.270903, 0.144597
15.180316, 0.271442, 0.144665
15.206864, 0.272031, 0.144616
15.233447, 0.272965, 0.144585
15.260066, 0.274519, 0.144724
15.286721, 0.276878, 0.145165
15.313413, 0.280095, 0.145995
15.340140, 0.284084, 0.147245
15.366904, 0.288645, 0.148895
15.393704, 0.293511, 0.150875
15.420541, 0.298399, 0.153085
15.447414, 0.303083, 0.155413
15.474323, 0.307439, 0.157763
15.501269, 0.311464, 0.160079
15.528252, 0.315241, 0.162353
15.555271, 0.318880, 0.164610
15.582328, 0.322469, 0.166888
15.609421, 0.326034, 0.169204
15.636551, 0.329520, 0.171543
15.663718, 0.332783, 0.173838
15.690923, 0.335610, 0.175977
15.718164, 0.337774, 0.177825
15.745443, 0.339110, 0.179259
15.772760, 0.339570, 0.180205
15.800113, 0.339224, 0.180656
15.827504, 0.338219, 0.180656
15.854933, 0.336730, 0.180274
15.882400, 0.334931, 0.179593
15.909904, 0.333010, 0.178706
15.937446, 0.331175, 0.177728
15.965026, 0.329642, 0.176786
15.992644, 0.328583, 0.175998
16.020300, 0.328075, 0.175451
16.047994, 0.328088, 0.175190
16.075727, 0.328512, 0.175231
16.103497, 0.329186, 0.175567
16.131306, 0.329903, 0.176167
16.159154, 0.330399, 0.176949
16.187040, 0.330395, 0.177777
16.214964, 0.329695, 0.178494
16.242928, 0.328288, 0.178978
16.270930, 0.326369, 0.179183
16.298971, 0.324269, 0.179137
16.327051, 0.322329, 0.178917
16.355170, 0.320824, 0.178605
16.383328, 0.319941, 0.178279
16.411525, 0.319788, 0.178008
16.439762, 0.320385, 0.177843
16.468038, 0.321627, 0.177803
16.496353, 0.323290, 0.177862
16.524708, 0.325090, 0.177963
16.553102, 0.326815, 0.178057
16.581536, 0.328431, 0.178139
16.610010, 0.330112, 0.178258
16.638524, 0.332179, 0.178498
16.667077, 0.335004, 0.178954
16.695671, 0.338943, 0.179720
16.724305, 0.344311, 0.180892
16.752978, 0.351367, 0.182580
16.781693, 0.360269, 0.184893
16.810447, 0.370995, 0.187898
16.839242, 0.383266, 0.191579
16.868078, 0.396509, 0.195810
16.896954, 0.409903, 0.200354
16.925870, 0.422548, 0.204911
16.954828, 0.433714, 0.209187
16.983826, 0.443058, 0.212979
17.012866, 0.450657, 0.216207
17.041946, 0.456844, 0.218890
17.071068, 0.461990, 0.221086
17.100231, 0.466397, 0.222847
17.129435, 0.470301, 0.224232
17.158680, 0.473945, 0.225324
17.187967, 0.477633, 0.226250
17.217295, 0.481733, 0.227175
17.246666, 0.486635, 0.228279
17.276078, 0.492656, 0.229710
17.305531, 0.499996, 0.231560
17.335027, 0.508810, 0.233869
17.364565, 0.519338, 0.236689
17.394144, 0.531937, 0.240121
17.423766, 0.546907, 0.244306
17.453430, 0.564215, 0.249366
17.483137, 0.583268, 0.255319
17.512886, 0.602854, 0.262027
17.542678, 0.621277, 0.269171
17.572512, 0.636675, 0.276270
17.602389, 0.647491, 0.282781
17.632309, 0.652942, 0.288236
17.662271, 0.653226, 0.292372
17.692277, 0.649331, 0.295149
17.722326, 0.642597, 0.296681
17.752418, 0.634276, 0.297138
17.782553, 0.625287, 0.296680
17.812732, 0.616187, 0.295439
17.842954, 0.607311, 0.293542
17.873220, 0.598964, 0.291155
17.903530, 0.591493, 0.288485
17.933883, 0.585197, 0.285743
17.964280, 0.580181, 0.283073
17.994721, 0.576295, 0.280513
18.025206, 0.573241, 0.278027
18.055735, 0.570748, 0.275579
18.086308, 0.568700, 0.273184
18.116926, 0.567126, 0.270898
18.147588, 0.566094, 0.268764
18.178295, 0.565602, 0.266765
18.209047, 0.565597, 0.264830
18.239843, 0.566098, 0.262895
18.270683, 0.567350, 0.260976
18.301569, 0.569890, 0.259209
18.332500, 0.574462, 0.257837
18.363476, 0.581831, 0.257148
18.394497, 0.592590, 0.257420
18.425564, 0.607069, 0.258876
18.456676, 0.625369, 0.261688
18.487833, 0.647455, 0.265991
18.519036, 0.673155, 0.271882
18.550285, 0.701978, 0.279376
18.581579, 0.732872, 0.288344
18.612920, 0.764246, 0.298459
18.644306, 0.794419, 0.309234
18.675739, 0.822255, 0.320154
18.707217, 0.847485, 0.330830
18.738743, 0.870468, 0.341104
18.770314, 0.891543, 0.351024
18.801932, 0.910442, 0.360694
18.833597, 0.926150, 0.370078
18.865308, 0.937340, 0.378879
18.897067, 0.943137, 0.386624
18.928872, 0.943701, 0.392934
18.960724, 0.940080, 0.397729
18.992623, 0.933460, 0.401167
19.024570, 0.924512, 0.403382
19.056564, 0.913353, 0.404335
19.088605, 0.899924, 0.403880
19.120694, 0.884373, 0.401921
19.152831, 0.867170, 0.398490
19.185015, 0.848975, 0.393712
19.217248, 0.830383, 0.387704
19.249528, 0.811794, 0.380522
19.281857, 0.793575, 0.372241
19.314233, 0.776359, 0.363124
19.346658, 0.761156, 0.353712
19.379132, 0.749205, 0.344723
19.411653, 0.741731, 0.336867
19.444224, 0.739762, 0.330700
19.476843, 0.744047, 0.326573
19.509511, 0.755050, 0.324657
19.542229, 0.773001, 0.325003
19.574995, 0.797913, 0.327600
19.607810, 0.829544, 0.332400
19.640675, 0.867332, 0.339307
19.673589, 0.910316, 0.348164
19.706553, 0.957018, 0.358708
19.739566, 1.005322, 0.370527
19.772629, 1.052469, 0.383027
19.805742, 1.095338, 0.395479
19.838905, 1.131055, 0.407150
19.872118, 1.157804, 0.417456
19.905381, 1.175397, 0.426081
19.938694, 1.185129, 0.432984
19.972058, 1.188911, 0.438305
20.005473, 1.188374, 0.442206
20.038938, 1.184645, 0.444776
20.072454, 1.178869, 0.446068
20.106020, 1.172729, 0.446248
20.139638, 1.168369, 0.445666
20.173307, 1.167785, 0.444778
20.207027, 1.172249, 0.443986
20.240799, 1.182138, 0.443545
20.274622, 1.197133, 0.443563
20.308496, 1.216528, 0.444036
20.342422, 1.239495, 0.444900
20.376400, 1.265339, 0.446120
20.410431, 1.293652, 0.447752
20.444513, 1.324151, 0.449912
20.478647, 1.356204, 0.452639
20.512833, 1.388497, 0.455818
20.547072, 1.419200, 0.459212
20.581364, 1.446550, 0.462529
20.615708, 1.469651, 0.465471
20.650105, 1.489317, 0.467842
20.684555, 1.508353, 0.469730
20.719058, 1.530557, 0.471596
20.753614, 1.558708, 0.474088
20.788224, 1.592713, 0.477680
20.822886, 1.629095, 0.482376
20.857603, 1.662470, 0.487674
20.892373, 1.688503, 0.492774
20.927196, 1.706288, 0.496959
20.962074, 1.718216, 0.499955
20.997006, 1.727668, 0.502039
21.031991, 1.736650, 0.503803
21.067031, 1.745023, 0.505763
21.102126, 1.751607, 0.508134
21.137275, 1.756064, 0.510936
21.172478, 1.759807, 0.514256
21.207737, 1.765071, 0.518382
21.243050, 1.773009, 0.523651
21.278419, 1.782437, 0.530195
21.313842, 1.790197, 0.537793
21.349321, 1.792842, 0.545949
21.384855, 1.788479, 0.554146
21.420445, 1.777426, 0.562093
21.456091, 1.761324, 0.569744
21.491792, 1.741821, 0.577098
21.527549, 1.720214, 0.584014
21.563363, 1.697918, 0.590258
21.599232, 1.676654, 0.595743
21.635158, 1.657937, 0.600644
21.671141, 1.642546, 0.605262
21.707180, 1.630750, 0.609794
21.743275, 1.622893, 0.614296
21.779428, 1.619411, 0.618859
21.815638, 1.620235, 0.623741
21.851904, 1.624302, 0.629346
21.888228, 1.629321, 0.636097
21.924610, 1.631754, 0.644269
21.961049, 1.627377, 0.653837
21.997546, 1.612506, 0.664399
22.034100, 1.585335, 0.675164
22.070713, 1.546835, 0.684978
22.107383, 1.500678, 0.692571
22.144112, 1.452015, 0.697005
22.180900, 1.405908, 0.698047
22.217745, 1.366426, 0.696201
22.254650, 1.336392, 0.692465
22.291613, 1.317187, 0.688051
22.328635, 1.308284, 0.684162
22.365717, 1.306881, 0.681736
22.402857, 1.308446, 0.681116
22.440057, 1.308355, 0.681954
22.477316, 1.303601, 0.683490
22.514635, 1.293537, 0.685008
22.552014, 1.279532, 0.686176
22.589453, 1.264063, 0.687143
22.626952, 1.249501, 0.688467
22.664511, 1.236835, 0.690953
22.702131, 1.225025, 0.695319
22.739810, 1.211784, 0.701708
22.777551, 1.195480, 0.709364
22.815353, 1.176590, 0.716809
22.853215, 1.157363, 0.722538
22.891139, 1.140249, 0.725803
22.929123, 1.126653, 0.726967
22.967170, 1.116498, 0.727349
23.005277, 1.108180, 0.728720
23.043447, 1.098846, 0.732566
23.081678, 1.085430, 0.739319
23.119971, 1.066258, 0.747932
23.158327, 1.042132, 0.756137
23.196745, 1.015934, 0.761366
23.235225, 0.991103, 0.761882
23.273768, 0.970163, 0.757454
23.312373, 0.954252, 0.749159
23.351042, 0.943618, 0.738618
23.389773, 0.938207, 0.727437
23.428568, 0.937765, 0.717046
23.467426, 0.941669, 0.708623
23.506348, 0.948986, 0.702998
23.545333, 0.958668, 0.700646
23.584383, 0.969426, 0.701735
23.623496, 0.979526, 0.706023
23.662673, 0.987210, 0.712767
23.701915, 0.991482, 0.720960
23.741221, 0.992178, 0.729812
23.780592, 0.989136, 0.738984
23.820028, 0.981664, 0.748261
23.859528, 0.969209, 0.757123
23.899094, 0.952430, 0.764846
23.938725, 0.933226, 0.771017
23.978421, 0.913637, 0.775746
24.018183, 0.894883, 0.779259
24.058011, 0.877273, 0.781347
24.097905, 0.860856, 0.781205
24.137865, 0.846292, 0.777883
24.177891, 0.835124, 0.771088
24.217983, 0.829164, 0.761602
24.258142, 0.829755, 0.751017
24.298368, 0.837527, 0.741296
24.338661, 0.852220, 0.734497
24.379021, 0.872057, 0.732491
24.419448, 0.893034, 0.736435
24.459943, 0.909448, 0.746093
24.500505, 0.916438, 0.759508
24.541134, 0.912932, 0.773533
24.581832, 0.902090, 0.785280
24.622598, 0.888652, 0.793657
24.663432, 0.875699, 0.799756
24.704335, 0.863417, 0.805666
24.745306, 0.850340, 0.812805
24.786346, 0.835646, 0.821217
24.827455, 0.820228, 0.830216
24.868633, 0.805645, 0.839365
24.909881, 0.792475, 0.848689
24.951198, 0.779829, 0.858182
24.992584, 0.766100, 0.867391
25.034041, 0.750005, 0.875359
25.075567, 0.731329, 0.880759
25.117164, 0.711094, 0.882206
25.158831, 0.691095, 0.878779
25.200568, 0.673118, 0.870612
25.242377, 0.658300, 0.859129
25.284256, 0.646892, 0.846482
25.326206, 0.638471, 0.834499
25.368228, 0.632369, 0.824158
25.410321, 0.627878, 0.815822
25.452485, 0.624300, 0.809537
25.494722, 0.621089, 0.805100
25.537030, 0.617972, 0.802140
25.579411, 0.614883, 0.800326
25.621864, 0.611715, 0.799451
25.664390, 0.608098, 0.799101
25.706988, 0.603638, 0.798397
25.749659, 0.598363, 0.796445
25.792403, 0.592678, 0.793031
25.835221, 0.587053, 0.788659
25.878112, 0.581918, 0.784119
25.921077, 0.577501, 0.780131
25.964116, 0.573501, 0.776975
26.007229, 0.569245, 0.774107
26.050416, 0.564575, 0.770285
26.093677, 0.560406, 0.764488
26.137013, 0.558115, 0.756935
26.180424, 0.558379, 0.749058
26.223910, 0.560781, 0.742398
26.267471, 0.564475, 0.737752
26.311108, 0.568839, 0.735286
26.354820, 0.573554, 0.734856
26.398608, 0.578557, 0.736147
26.442472, 0.584030, 0.739011
26.486413, 0.590070, 0.743788
26.530429, 0.596124, 0.751079
26.574522, 0.600686, 0.761115
26.618692, 0.601599, 0.773196
26.662940, 0.597151, 0.785445
26.707264, 0.587325, 0.795095
26.751665, 0.574105, 0.799445
26.796145, 0.560482, 0.797211
26.840702, 0.548983, 0.789281
26.885337, 0.540851, 0.777901
26.930050, 0.536378, 0.765219
26.974842, 0.535675, 0.753004
27.019712, 0.538772, 0.743141
27.064662, 0.545085, 0.737492
27.109690, 0.553033, 0.737106
27.154798, 0.560300, 0.741695
27.199985, 0.564596, 0.749606
27.245251, 0.564761, 0.758269
27.290598, 0.561628, 0.765570
27.336025, 0.557359, 0.771392
27.381532, 0.553521, 0.777429
27.427119, 0.549900, 0.785201
27.472788, 0.545013, 0.794290
27.518537, 0.537625, 0.802275
27.564367, 0.527971, 0.806388
27.610279, 0.517558, 0.805852
27.656272, 0.507597, 0.802497
27.702348, 0.497926, 0.798474
27.748505, 0.487907, 0.793891
27.794744, 0.478038, 0.787469
27.841067, 0.469924, 0.779041
27.887471, 0.464621, 0.770305
27.933959, 0.461466, 0.762956
27.980530, 0.458762, 0.756850
28.027184, 0.455536, 0.750555
28.073922, 0.452304, 0.743459
28.120743, 0.450121, 0.736638
28.167649, 0.449317, 0.731731
28.214639, 0.449210, 0.729439
28.261713, 0.448734, 0.728918
28.308872, 0.447466, 0.728306
28.356116, 0.446276, 0.726148
28.403446, 0.446994, 0.722664
28.450860, 0.451390, 0.719739
28.498361, 0.460381, 0.719876
28.545947, 0.473527, 0.725330
28.593619, 0.488349, 0.737556
28.641378, 0.500189, 0.756213
28.689223, 0.504268, 0.778196
28.737155, 0.498898, 0.798298
28.785174, 0.486260, 0.811795
28.833280, 0.470072, 0.816685
28.881474, 0.453153, 0.813508
28.929756, 0.437064, 0.803695
28.978126, 0.423009, 0.788987
29.026584, 0.411990, 0.771854
29.075130, 0.404157, 0.754728
29.123765, 0.398949, 0.738945
29.172489, 0.395668, 0.725305
29.221303, 0.393290, 0.714394
29.270206, 0.390533, 0.705619
29.319198, 0.387032, 0.697518
29.368281, 0.383859, 0.689537
29.417453, 0.382442, 0.682501
29.466717, 0.383491, 0.677540
29.516071, 0.386915, 0.675445
29.565515, 0.392049, 0.676651
29.615051, 0.397697, 0.680884
29.664679, 0.402481, 0.686880
29.714398, 0.405585, 0.693049
29.764209, 0.407001, 0.698372
29.814113, 0.407073, 0.702473
29.864109, 0.406107, 0.705287
29.914197, 0.404266, 0.706935
29.964379, 0.401361, 0.707523
30.014654, 0.396766, 0.706694
30.065022, 0.389814, 0.703334
30.115484, 0.380538, 0.696293
30.166041, 0.369851, 0.685901
30.216691, 0.358745, 0.673928
30.267436, 0.347638, 0.661582
30.318276, 0.336792, 0.648734
30.369211, 0.326749, 0.635268
30.420242, 0.318063, 0.621953
30.471368, 0.311000, 0.609992
30.522589, 0.305500, 0.600234
30.573908, 0.301246, 0.592721
30.625322, 0.297848, 0.586900
30.676833, 0.294943, 0.582166
30.728442, 0.292068, 0.578022
30.780147, 0.288559, 0.573775
30.831950, 0.283948, 0.568558
30.883851, 0.278428, 0.562011
30.935850, 0.272600, 0.554462
30.987947, 0.266879, 0.546415
31.040143, 0.261290, 0.538183
31.092438, 0.255786, 0.529837
31.144832, 0.250557, 0.521439
31.197326, 0.245839, 0.513142
31.249919, 0.241604, 0.504926
31.302613, 0.237647, 0.496488
31.355406, 0.233890, 0.487591
31.408301, 0.230478, 0.478511
31.461296, 0.227575, 0.469971
31.514393, 0.225113, 0.462447
31.567591, 0.222823, 0.455736
31.620891, 0.220524, 0.449341
31.674292, 0.218301, 0.442996
31.727797, 0.216349, 0.436803
31.781404, 0.214584, 0.430884
31.835114, 0.212582, 0.424935
31.888927, 0.210094, 0.418586
31.942844, 0.207402, 0.412038
31.996864, 0.205104, 0.405984
32.050989, 0.203679, 0.401163
32.105219, 0.203179, 0.397930
32.159553, 0.203255, 0.396020
32.213992, 0.203473, 0.394799
32.268536, 0.203588, 0.393706
32.323186, 0.203624, 0.392449
32.377943, 0.203796, 0.391194
32.432805, 0.204213, 0.390512
32.487774, 0.204599, 0.390742
32.542850, 0.204444, 0.391420
32.598033, 0.203444, 0.391467
32.653324, 0.201738, 0.389869
32.708723, 0.199868, 0.386284
32.764230, 0.198502, 0.381246
32.819845, 0.198050, 0.375741
32.875569, 0.198559, 0.370678
32.931403, 0.199925, 0.366672
32.987345, 0.202180, 0.364124
33.043398, 0.205347, 0.363246
33.099560, 0.209011, 0.363767
33.155833, 0.212474, 0.364994
33.212217, 0.215249, 0.366383
33.268712, 0.217061, 0.367557
33.325318, 0.217764, 0.368096
33.382036, 0.217501, 0.367892
33.438866, 0.216578, 0.367200
33.495809, 0.215157, 0.366132
33.552864, 0.213300, 0.364539
33.610032, 0.211306, 0.362551
33.667314, 0.209655, 0.360834
33.724710, 0.208450, 0.359988
33.782219, 0.207253, 0.360035
33.839843, 0.205408, 0.360546
33.897582, 0.202430, 0.360680
33.955435, 0.198362, 0.359345
34.013405, 0.193826, 0.356014
34.071490, 0.189656, 0.351421
34.129691, 0.186414, 0.347095
34.188009, 0.184110, 0.344025
34.246443, 0.182301, 0.341901
34.304995, 0.180472, 0.339774
34.363664, 0.178410, 0.337315
34.422451, 0.176185, 0.335028
34.481357, 0.173891, 0.333334
34.540381, 0.171488, 0.331916
34.599524, 0.168843, 0.329918
34.658786, 0.166021, 0.326694
34.718168, 0.163344, 0.322477
34.777670, 0.160986, 0.318090
34.837293, 0.158779, 0.314151
34.897036, 0.156484, 0.310759
34.956901, 0.154020, 0.307509
35.016887, 0.151523, 0.303704
35.076995, 0.149341, 0.299270
35.137225, 0.147755, 0.295244
35.197578, 0.146509, 0.292476
35.258054, 0.144939, 0.290402
35.318653, 0.142680, 0.287820
35.379376, 0.139945, 0.284209
35.440223, 0.137175, 0.279869
35.501195, 0.134779, 0.275489
35.562291, 0.133041, 0.271789
35.623513, 0.132018, 0.269152
35.684861, 0.131536, 0.267529
35.746334, 0.131219, 0.266567
35.807935, 0.130596, 0.265727
35.869661, 0.129417, 0.264452
35.931516, 0.127904, 0.262572
35.993498, 0.126350, 0.260230
36.055607, 0.124716, 0.257280
36.117846, 0.122877, 0.253254
36.180213, 0.120925, 0.248142
36.242709, 0.119040, 0.242593
36.305335, 0.117327, 0.237151
36.368091, 0.115724, 0.231852
36.430978, 0.114000, 0.226514
36.493995, 0.111919, 0.220984
36.557144, 0.109477, 0.215235
36.620424, 0.106946, 0.209464
36.683836, 0.104586, 0.203909
36.747381, 0.102517, 0.198710
36.811059, 0.100836, 0.194076
36.874870, 0.099630, 0.190312
36.938815, 0.098893, 0.187623
37.002894, 0.098458, 0.185923
37.067107, 0.098101, 0.184957
37.131456, 0.097714, 0.184598
37.195940, 0.097305, 0.184904
37.260560, 0.096841, 0.185858
37.325316, 0.096220, 0.187034
37.390209, 0.095507, 0.187762
37.455239, 0.095048, 0.187980
37.520407, 0.095088, 0.188333
37.585712, 0.095393, 0.189139
37.651157, 0.095359, 0.189767
37.716740, 0.094584, 0.189296
37.782462, 0.093251, 0.187511
37.848324, 0.091930, 0.185018
37.914327, 0.091076, 0.182693
37.980470, 0.090618, 0.180897
38.046754, 0.090124, 0.179185
38.113180, 0.089363, 0.176915
38.179748, 0.088483, 0.173972
38.246459, 0.087717, 0.170836
38.313313, 0.087135, 0.167987
38.380309, 0.086669, 0.165456
38.447450, 0.086337, 0.163209
38.514735, 0.086216, 0.161425
38.582165, 0.086226, 0.160108
38.649741, 0.086151, 0.158975
38.717462, 0.085876, 0.157789
38.785329, 0.085499, 0.156530
38.853343, 0.085183, 0.155217
38.921504, 0.085066, 0.153894
38.989813, 0.085203, 0.152670
39.058270, 0.085498, 0.151621
39.126876, 0.085863, 0.150902
39.195630, 0.086343, 0.150751
39.264535, 0.086951, 0.151150
39.333589, 0.087566, 0.151832
39.402794, 0.087978, 0.152495
39.472150, 0.087959, 0.152776
39.541658, 0.087455, 0.152401
39.611317, 0.086658, 0.151509
39.681129, 0.085727, 0.150366
39.751095, 0.084742, 0.149150
39.821214, 0.083810, 0.148092
39.891486, 0.082769, 0.147043
39.961914, 0.081422, 0.145600
40.032496, 0.079977, 0.143856
40.103235, 0.078757, 0.142198
40.174129, 0.077920, 0.140986
40.245180, 0.077359, 0.140295
40.316388, 0.076854, 0.139729
40.387754, 0.076385, 0.139128
40.459278, 0.075997, 0.138874
40.530960, 0.075465, 0.139102
40.602802, 0.074487, 0.139410
40.674804, 0.072955, 0.139293
40.746966, 0.070972, 0.138464
40.819289, 0.068821, 0.137127
40.891773, 0.066747, 0.135822
40.964420, 0.064797, 0.134735
41.037228, 0.062895, 0.133336
41.110200, 0.060985, 0.131026
41.183335, 0.059232, 0.127959
41.256635, 0.057838, 0.124777
41.330099, 0.056806, 0.122006
41.403728, 0.056018, 0.119872
41.477524, 0.055383, 0.118272
41.551485, 0.054910, 0.116867
41.625614, 0.054639, 0.115528
41.699909, 0.054515, 0.114491
41.774373, 0.054341, 0.113660
41.849006, 0.053922, 0.112507
41.923808, 0.053258, 0.110838
41.998779, 0.052432, 0.108812
42.073921, 0.051475, 0.106621
42.149234, 0.050483, 0.104545
42.224718, 0.049616, 0.102824
42.300375, 0.048912, 0.101463
42.376204, 0.048236, 0.100140
42.452206, 0.047535, 0.098665
42.528383, 0.046887, 0.097230
42.604733, 0.046366, 0.095872
42.681259, 0.045957, 0.094374
42.757961, 0.045512, 0.092667
42.834838, 0.045039, 0.091069
42.911893, 0.044715, 0.090000
42.989125, 0.044514, 0.089462
43.066536, 0.044274, 0.089095
43.144125, 0.043912, 0.088562
43.221893, 0.043501, 0.087745
43.299841, 0.043233, 0.086872
43.377970, 0.043058, 0.085988
43.456281, 0.042655, 0.084679
43.534773, 0.041967, 0.082924
43.613447, 0.041264, 0.081150
43.692305, 0.040858, 0.079723
43.771346, 0.040824, 0.078852
43.850572, 0.040826, 0.078211
43.929983, 0.040488, 0.077149
44.009580, 0.039795, 0.075466
44.089363, 0.038948, 0.073508
44.169333, 0.038172, 0.071696
44.249490, 0.037667, 0.070293
44.329836, 0.037413, 0.069258
44.410371, 0.037167, 0.068340
44.491096, 0.036771, 0.067368
44.572011, 0.036278, 0.066312
44.653117, 0.035795, 0.065226
44.734415, 0.035338, 0.064142
44.815905, 0.034892, 0.063022
44.897588, 0.034577, 0.062007
44.979465, 0.034465, 0.061241
45.061537, 0.034386, 0.060555
45.143803, 0.034149, 0.059765
45.226265, 0.033640, 0.058793
45.308924, 0.032880, 0.057652
45.391780, 0.032045, 0.056489
45.474834, 0.031357, 0.055550
45.558087, 0.030991, 0.055072
45.641539, 0.030896, 0.055046
45.725191, 0.030802, 0.055132
45.809044, 0.030525, 0.054930
45.893098, 0.030106, 0.054310
45.977355, 0.029669, 0.053455
46.061814, 0.029288, 0.052590
46.146477, 0.028998, 0.051802
46.231345, 0.028834, 0.051154
46.316418, 0.028757, 0.050741
46.401697, 0.028517, 0.050300
46.487183, 0.027949, 0.049413
46.572876, 0.027213, 0.048151
46.658777, 0.026503, 0.046879
46.744887, 0.025933, 0.045871
46.831207, 0.025565, 0.045223
46.917737, 0.025198, 0.044654
47.004479, 0.024574, 0.043722
47.091432, 0.023764, 0.042308
47.178599, 0.023086, 0.040878
47.265979, 0.022586, 0.039737
47.353573, 0.022058, 0.038712
47.441382, 0.021391, 0.037621
47.529408, 0.020669, 0.036531
47.617650, 0.020043, 0.035625
47.706110, 0.019524, 0.034871
47.794788, 0.019134, 0.034163
47.883685, 0.019010, 0.033642
47.972803, 0.019038, 0.033395
48.062141, 0.018843, 0.033059
48.151701, 0.018309, 0.032306
48.241483, 0.017667, 0.031165
48.331488, 0.017157, 0.029982
48.421718, 0.016767, 0.028945
48.512172, 0.016524, 0.028126
48.602853, 0.016546, 0.027637
48.693760, 0.016818, 0.027481
48.784894, 0.017243, 0.027517
48.876257, 0.017849, 0.027751
48.967849, 0.018554, 0.028281
49.059671, 0.018987, 0.028885
49.151724, 0.018980, 0.029310
49.244009, 0.018688, 0.029554
49.336526, 0.018264, 0.029678
49.429277, 0.017687, 0.029500
49.522263, 0.016952, 0.028717
49.615484, 0.016308, 0.027658
49.708941, 0.015908, 0.026815
49.802635, 0.015701, 0.026298
49.896568, 0.015540, 0.025980
49.990739, 0.015365, 0.025726
50.085150, 0.015255, 0.025567
50.179802, 0.015227, 0.025563
50.274695, 0.015157, 0.025573
50.369832, 0.015024, 0.025499
50.465211, 0.014862, 0.025351
50.560836, 0.014581, 0.025033
50.656705, 0.014122, 0.024440
50.752821, 0.013562, 0.023633
50.849185, 0.013031, 0.022816
50.945796, 0.012623, 0.022153
51.042657, 0.012276, 0.021571
51.139769, 0.012005, 0.021075
51.237131, 0.011910, 0.020823
51.334745, 0.011916, 0.020768
51.432613, 0.011848, 0.020683
51.530735, 0.011773, 0.020642
51.629112, 0.011799, 0.020748
51.727745, 0.011805, 0.020722
51.826635, 0.011669, 0.020406
51.925783, 0.011431, 0.019961
52.025191, 0.011125, 0.019431
52.124858, 0.010820, 0.018824
52.224787, 0.010711, 0.018447
52.324978, 0.010712, 0.018292
52.425432, 0.010564, 0.017962
52.526151, 0.010282, 0.017406
52.627135, 0.010026, 0.016878
52.728385, 0.009809, 0.016410
52.829903, 0.009566, 0.015875
52.931689, 0.009337, 0.015353
53.033744, 0.009241, 0.015057
53.136071, 0.009239, 0.014969
53.238669, 0.009166, 0.014830
53.341539, 0.009015, 0.014571
53.444684, 0.008869, 0.014291
53.548104, 0.008746, 0.014032
53.651799, 0.008651, 0.013823
53.755772, 0.008606, 0.013716
53.860024, 0.008600, 0.013724
53.964554, 0.008536, 0.013690
54.069365, 0.008328, 0.013402
54.174458, 0.008082, 0.012958
54.279834, 0.007933, 0.012606
54.385493, 0.007834, 0.012347
54.491438, 0.007722, 0.012099
54.597669, 0.007620, 0.011873
54.704187, 0.007643, 0.011815
54.810994, 0.007798, 0.011956
54.918091, 0.007859, 0.011995
55.025479, 0.007661, 0.011680
55.133158, 0.007229, 0.011030
55.241131, 0.006713, 0.010249
55.349399, 0.006375, 0.009732
55.457962, 0.006218, 0.009494
55.566823, 0.006039, 0.009210
55.675981, 0.005765, 0.008770
55.785439, 0.005426, 0.008226
55.895197, 0.005096, 0.007680
56.005257, 0.004917, 0.007352
56.115621, 0.004852, 0.007211
56.226289, 0.004742, 0.007023
56.337262, 0.004525, 0.006680
56.448542, 0.004289, 0.006311
56.560131, 0.004106, 0.006033
56.672029, 0.003993, 0.005874
56.784237, 0.003921, 0.005784
56.896758, 0.003785, 0.005595
57.009592, 0.003536, 0.005220
57.122740, 0.003248, 0.004777
57.236205, 0.003032, 0.004440
57.349987, 0.002902, 0.004234
57.464087, 0.002835, 0.004123
57.578508, 0.002769, 0.004013
57.693250, 0.002647, 0.003819
57.808314, 0.002485, 0.003573
57.923703, 0.002348, 0.003365
58.039416, 0.002243, 0.003204
58.155457, 0.002135, 0.003033
58.271826, 0.002023, 0.002849
58.388524, 0.001923, 0.002687
58.505553, 0.001871, 0.002603
58.622915, 0.001836, 0.002553
58.740611, 0.001748, 0.002424
58.858641, 0.001637, 0.002253
58.977009, 0.001576, 0.002150
59.095714, 0.001563, 0.002123
59.214759, 0.001545, 0.002095
59.334145, 0.001491, 0.002018
59.453873, 0.001415, 0.001912
59.573946, 0.001347, 0.001819
59.694364, 0.001286, 0.001736
59.815128, 0.001226, 0.001649
59.936241, 0.001151, 0.001537
60.057704, 0.001073, 0.001416
60.179519, 0.001021, 0.001337
60.301686, 0.000998, 0.001305
60.424208, 0.000977, 0.001276
60.547086, 0.000939, 0.001221
60.670322, 0.000888, 0.001143
60.793917, 0.000842, 0.001071
60.917873, 0.000809, 0.001019
61.042191, 0.000787, 0.000985
61.166872, 0.000770, 0.000959
61.291920, 0.000753, 0.000934
61.417334, 0.000735, 0.000907
61.543117, 0.000719, 0.000883
61.669271, 0.000705, 0.000861
61.795797, 0.000693, 0.000844
61.922696, 0.000682, 0.000829
62.049971, 0.000673, 0.000815
