# energy, eels_NLFC_w, eels_LFC_w
0.000000, 0.000000, 0.000000
0.010004, 0.000245, 0.000233
0.020017, 0.000491, 0.000466
0.030037, 0.000738, 0.000700
0.040066, 0.000985, 0.000934
0.050104, 0.001232, 0.001170
0.060149, 0.001481, 0.001406
0.070204, 0.001731, 0.001643
0.080266, 0.001982, 0.001881
0.090337, 0.002235, 0.002121
0.100416, 0.002489, 0.002362
0.110503, 0.002745, 0.002605
0.120599, 0.003004, 0.002850
0.130704, 0.003264, 0.003097
0.140817, 0.003526, 0.003346
0.150938, 0.003792, 0.003598
0.161067, 0.004060, 0.003852
0.171206, 0.004331, 0.004109
0.181352, 0.004605, 0.004369
0.191507, 0.004882, 0.004632
0.201671, 0.005163, 0.004899
0.211843, 0.005448, 0.005169
0.222023, 0.005737, 0.005443
0.232212, 0.006030, 0.005721
0.242410, 0.006328, 0.006003
0.252616, 0.006630, 0.006289
0.262831, 0.006937, 0.006580
0.273054, 0.007250, 0.006876
0.283286, 0.007568, 0.007178
0.293526, 0.007891, 0.007484
0.303775, 0.008220, 0.007796
0.314032, 0.008556, 0.008113
0.324299, 0.008897, 0.008436
0.334573, 0.009245, 0.008765
0.344857, 0.009599, 0.009100
0.355149, 0.009959, 0.009442
0.365449, 0.010327, 0.009789
0.375759, 0.010701, 0.010144
0.386077, 0.011083, 0.010505
0.396404, 0.011473, 0.010873
0.406739, 0.011870, 0.011248
0.417083, 0.012275, 0.011631
0.427436, 0.012688, 0.012022
0.437798, 0.013111, 0.012421
0.448168, 0.013542, 0.012829
0.458547, 0.013984, 0.013246
0.468935, 0.014436, 0.013673
0.479332, 0.014898, 0.014109
0.489737, 0.015373, 0.014557
0.500151, 0.015859, 0.015016
0.510574, 0.016358, 0.015486
0.521006, 0.016870, 0.015970
0.531447, 0.017397, 0.016467
0.541896, 0.017940, 0.016978
0.552355, 0.018499, 0.017505
0.562822, 0.019076, 0.018049
0.573298, 0.019672, 0.018610
0.583783, 0.020289, 0.019191
0.594277, 0.020929, 0.019793
0.604780, 0.021593, 0.020418
0.615292, 0.022283, 0.021068
0.625812, 0.023002, 0.021744
0.636342, 0.023752, 0.022449
0.646881, 0.024535, 0.023185
0.657428, 0.025353, 0.023954
0.667985, 0.026209, 0.024759
0.678550, 0.027107, 0.025602
0.689125, 0.028048, 0.026486
0.699708, 0.029035, 0.027413
0.710301, 0.030073, 0.028387
0.720903, 0.031163, 0.029410
0.731513, 0.032311, 0.030487
0.742133, 0.033518, 0.031620
0.752762, 0.034790, 0.032813
0.763400, 0.036130, 0.034069
0.774047, 0.037543, 0.035393
0.784703, 0.039032, 0.036789
0.795368, 0.040602, 0.038261
0.806042, 0.042258, 0.039812
0.816726, 0.044003, 0.041447
0.827418, 0.045843, 0.043171
0.838120, 0.047781, 0.044986
0.848831, 0.049822, 0.046898
0.859551, 0.051968, 0.048907
0.870280, 0.054222, 0.051019
0.881019, 0.056587, 0.053234
0.891767, 0.059063, 0.055554
0.902524, 0.061652, 0.057980
0.913290, 0.064352, 0.060510
0.924066, 0.067161, 0.063144
0.934850, 0.070076, 0.065878
0.945645, 0.073094, 0.068709
0.956448, 0.076208, 0.071633
0.967261, 0.079412, 0.074643
0.978083, 0.082699, 0.077733
0.988914, 0.086059, 0.080895
0.999755, 0.089481, 0.084118
1.010605, 0.092952, 0.087392
1.021464, 0.096456, 0.090702
1.032333, 0.099972, 0.094029
1.043211, 0.103476, 0.097350
1.054099, 0.106937, 0.100637
1.064996, 0.110316, 0.103857
1.075902, 0.113572, 0.106967
1.086818, 0.116655, 0.109924
1.097744, 0.119512, 0.112676
1.108678, 0.122089, 0.115173
1.119623, 0.124333, 0.117364
1.130576, 0.126198, 0.119203
1.141540, 0.127648, 0.120653
1.152512, 0.128658, 0.121691
1.163495, 0.129222, 0.122307
1.174487, 0.129350, 0.122509
1.185488, 0.129072, 0.122320
1.196499, 0.128431, 0.121781
1.207520, 0.127483, 0.120943
1.218550, 0.126296, 0.119868
1.229590, 0.124939, 0.118623
1.240639, 0.123485, 0.117275
1.251698, 0.122004, 0.115891
1.262767, 0.120560, 0.114533
1.273845, 0.119211, 0.113258
1.284933, 0.118009, 0.112115
1.296031, 0.116997, 0.111146
1.307138, 0.116211, 0.110386
1.318255, 0.115679, 0.109864
1.329382, 0.115426, 0.109601
1.340518, 0.115469, 0.109617
1.351664, 0.115820, 0.109923
1.362820, 0.116488, 0.110529
1.373986, 0.117479, 0.111440
1.385162, 0.118792, 0.112657
1.396347, 0.120427, 0.114179
1.407542, 0.122377, 0.116001
1.418747, 0.124631, 0.118114
1.429962, 0.127173, 0.120503
1.441186, 0.129982, 0.123149
1.452421, 0.133029, 0.126026
1.463665, 0.136279, 0.129103
1.474920, 0.139687, 0.132338
1.486184, 0.143201, 0.135683
1.497458, 0.146760, 0.139082
1.508742, 0.150298, 0.142473
1.520036, 0.153741, 0.145789
1.531339, 0.157019, 0.148961
1.542653, 0.160061, 0.151923
1.553977, 0.162807, 0.154616
1.565311, 0.165208, 0.156991
1.576655, 0.167232, 0.159018
1.588008, 0.168868, 0.160681
1.599372, 0.170125, 0.161986
1.610746, 0.171029, 0.162955
1.622130, 0.171623, 0.163628
1.633524, 0.171960, 0.164053
1.644928, 0.172097, 0.164283
1.656342, 0.172090, 0.164370
1.667767, 0.171987, 0.164361
1.679201, 0.171824, 0.164290
1.690646, 0.171623, 0.164181
1.702100, 0.171390, 0.164039
1.713565, 0.171114, 0.163855
1.725040, 0.170772, 0.163607
1.736525, 0.170327, 0.163261
1.748021, 0.169738, 0.162777
1.759526, 0.168961, 0.162113
1.771042, 0.167958, 0.161229
1.782568, 0.166698, 0.160096
1.794105, 0.165167, 0.158697
1.805651, 0.163366, 0.157032
1.817208, 0.161313, 0.155117
1.828776, 0.159045, 0.152985
1.840353, 0.156610, 0.150681
1.851941, 0.154069, 0.148264
1.863539, 0.151487, 0.145795
1.875148, 0.148929, 0.143339
1.886767, 0.146459, 0.140959
1.898396, 0.144137, 0.138711
1.910036, 0.142013, 0.136647
1.921686, 0.140131, 0.134808
1.933346, 0.138523, 0.133229
1.945017, 0.137216, 0.131936
1.956699, 0.136226, 0.130944
1.968391, 0.135562, 0.130265
1.980093, 0.135227, 0.129902
1.991806, 0.135215, 0.129850
2.003529, 0.135517, 0.130100
2.015263, 0.136115, 0.130636
2.027008, 0.136987, 0.131439
2.038763, 0.138105, 0.132480
2.050528, 0.139435, 0.133730
2.062305, 0.140938, 0.135152
2.074091, 0.142572, 0.136705
2.085889, 0.144288, 0.138343
2.097697, 0.146038, 0.140021
2.109515, 0.147768, 0.141687
2.121344, 0.149430, 0.143294
2.133184, 0.150975, 0.144797
2.145035, 0.152363, 0.146155
2.156896, 0.153561, 0.147336
2.168768, 0.154547, 0.148319
2.180651, 0.155310, 0.149091
2.192545, 0.155850, 0.149650
2.204449, 0.156174, 0.150002
2.216364, 0.156295, 0.150160
2.228289, 0.156230, 0.150137
2.240226, 0.155994, 0.149948
2.252173, 0.155601, 0.149605
2.264132, 0.155061, 0.149120
2.276101, 0.154384, 0.148498
2.288081, 0.153577, 0.147748
2.300071, 0.152651, 0.146880
2.312073, 0.151622, 0.145907
2.324086, 0.150509, 0.144848
2.336109, 0.149341, 0.143731
2.348143, 0.148153, 0.142588
2.360189, 0.146985, 0.141459
2.372245, 0.145881, 0.140384
2.384312, 0.144883, 0.139408
2.396391, 0.144034, 0.138568
2.408480, 0.143369, 0.137903
2.420580, 0.142918, 0.137439
2.432691, 0.142701, 0.137200
2.444814, 0.142731, 0.137196
2.456947, 0.143011, 0.137432
2.469092, 0.143535, 0.137904
2.481247, 0.144287, 0.138597
2.493414, 0.145245, 0.139490
2.505592, 0.146380, 0.140556
2.517781, 0.147656, 0.141761
2.529981, 0.149035, 0.143069
2.542192, 0.150475, 0.144439
2.554415, 0.151937, 0.145834
2.566649, 0.153384, 0.147217
2.578894, 0.154788, 0.148560
2.591150, 0.156127, 0.149843
2.603417, 0.157394, 0.151057
2.615696, 0.158593, 0.152206
2.627986, 0.159741, 0.153303
2.640287, 0.160864, 0.154375
2.652600, 0.161997, 0.155453
2.664923, 0.163179, 0.156577
2.677259, 0.164450, 0.157783
2.689605, 0.165848, 0.159110
2.701963, 0.167406, 0.160590
2.714332, 0.169153, 0.162251
2.726713, 0.171108, 0.164114
2.739105, 0.173285, 0.166192
2.751509, 0.175685, 0.168488
2.763924, 0.178301, 0.170997
2.776351, 0.181115, 0.173703
2.788789, 0.184095, 0.176578
2.801238, 0.187196, 0.179581
2.813699, 0.190359, 0.182656
2.826172, 0.193508, 0.185736
2.838656, 0.196557, 0.188737
2.851151, 0.199404, 0.191564
2.863659, 0.201944, 0.194115
2.876177, 0.204071, 0.196286
2.888708, 0.205684, 0.197980
2.901250, 0.206705, 0.199114
2.913804, 0.207078, 0.199631
2.926369, 0.206784, 0.199504
2.938946, 0.205840, 0.198744
2.951535, 0.204298, 0.197396
2.964135, 0.202245, 0.195537
2.976747, 0.199788, 0.193268
2.989371, 0.197045, 0.190702
3.002007, 0.194137, 0.187956
3.014654, 0.191178, 0.185140
3.027314, 0.188263, 0.182350
3.039985, 0.185470, 0.179664
3.052668, 0.182854, 0.177138
3.065362, 0.180448, 0.174807
3.078069, 0.178265, 0.172687
3.090787, 0.176301, 0.170774
3.103518, 0.174539, 0.169056
3.116260, 0.172953, 0.167509
3.129014, 0.171513, 0.166103
3.141780, 0.170185, 0.164808
3.154558, 0.168936, 0.163591
3.167348, 0.167735, 0.162422
3.180150, 0.166554, 0.161273
3.192965, 0.165366, 0.160119
3.205791, 0.164153, 0.158941
3.218629, 0.162900, 0.157723
3.231479, 0.161603, 0.156462
3.244341, 0.160264, 0.155158
3.257215, 0.158898, 0.153824
3.270102, 0.157526, 0.152479
3.283001, 0.156175, 0.151151
3.295911, 0.154876, 0.149868
3.308834, 0.153659, 0.148660
3.321769, 0.152549, 0.147552
3.334716, 0.151566, 0.146564
3.347676, 0.150723, 0.145708
3.360648, 0.150023, 0.144990
3.373632, 0.149462, 0.144406
3.386628, 0.149032, 0.143948
3.399636, 0.148716, 0.143602
3.412657, 0.148497, 0.143350
3.425690, 0.148353, 0.143173
3.438736, 0.148262, 0.143047
3.451793, 0.148200, 0.142951
3.464864, 0.148142, 0.142859
3.477946, 0.148063, 0.142749
3.491041, 0.147943, 0.142600
3.504149, 0.147763, 0.142392
3.517268, 0.147509, 0.142113
3.530401, 0.147176, 0.141758
3.543545, 0.146766, 0.141328
3.556703, 0.146291, 0.140833
3.569872, 0.145766, 0.140289
3.583055, 0.145215, 0.139719
3.596250, 0.144664, 0.139147
3.609457, 0.144143, 0.138602
3.622677, 0.143681, 0.138112
3.635910, 0.143309, 0.137706
3.649155, 0.143056, 0.137412
3.662413, 0.142950, 0.137258
3.675683, 0.143017, 0.137269
3.688966, 0.143280, 0.137466
3.702262, 0.143756, 0.137868
3.715571, 0.144456, 0.138486
3.728892, 0.145387, 0.139325
3.742226, 0.146546, 0.140383
3.755573, 0.147923, 0.141652
3.768933, 0.149503, 0.143118
3.782305, 0.151265, 0.144762
3.795690, 0.153184, 0.146559
3.809088, 0.155232, 0.148482
3.822499, 0.157377, 0.150502
3.835923, 0.159590, 0.152590
3.849360, 0.161839, 0.154717
3.862809, 0.164094, 0.156853
3.876272, 0.166328, 0.158972
3.889747, 0.168515, 0.161048
3.903236, 0.170628, 0.163057
3.916737, 0.172646, 0.164977
3.930252, 0.174547, 0.166786
3.943779, 0.176314, 0.168469
3.957320, 0.177933, 0.170010
3.970873, 0.179397, 0.171403
3.984440, 0.180705, 0.172646
3.998020, 0.181860, 0.173740
4.011613, 0.182870, 0.174694
4.025219, 0.183747, 0.175519
4.038838, 0.184504, 0.176225
4.052470, 0.185153, 0.176825
4.066116, 0.185708, 0.177332
4.079774, 0.186182, 0.177757
4.093446, 0.186593, 0.178117
4.107132, 0.186960, 0.178431
4.120830, 0.187310, 0.178724
4.134542, 0.187674, 0.179025
4.148267, 0.188088, 0.179367
4.162005, 0.188587, 0.179785
4.175757, 0.189207, 0.180313
4.189522, 0.189981, 0.180983
4.203301, 0.190936, 0.181822
4.217093, 0.192092, 0.182849
4.230898, 0.193465, 0.184079
4.244717, 0.195058, 0.185518
4.258550, 0.196872, 0.187166
4.272395, 0.198900, 0.189017
4.286255, 0.201127, 0.191060
4.300127, 0.203540, 0.193279
4.314014, 0.206120, 0.195660
4.327914, 0.208854, 0.198187
4.341827, 0.211731, 0.200851
4.355754, 0.214743, 0.203645
4.369695, 0.217889, 0.206565
4.383650, 0.221169, 0.209613
4.397618, 0.224587, 0.212787
4.411599, 0.228139, 0.216088
4.425595, 0.231820, 0.219507
4.439604, 0.235617, 0.223033
4.453627, 0.239514, 0.226649
4.467664, 0.243490, 0.230336
4.481714, 0.247529, 0.234078
4.495779, 0.251620, 0.237864
4.509857, 0.255765, 0.241697
4.523949, 0.259974, 0.245584
4.538054, 0.264266, 0.249548
4.552174, 0.268667, 0.253611
4.566308, 0.273198, 0.257799
4.580455, 0.277877, 0.262127
4.594617, 0.282705, 0.266602
4.608792, 0.287671, 0.271216
4.622982, 0.292746, 0.275944
4.637185, 0.297888, 0.280748
4.651403, 0.303045, 0.285581
4.665635, 0.308164, 0.290391
4.679880, 0.313193, 0.295129
4.694140, 0.318092, 0.299753
4.708414, 0.322833, 0.304234
4.722702, 0.327402, 0.308555
4.737004, 0.331803, 0.312714
4.751320, 0.336048, 0.316721
4.765651, 0.340166, 0.320598
4.779996, 0.344197, 0.324381
4.794355, 0.348192, 0.328115
4.808728, 0.352212, 0.331858
4.823116, 0.356325, 0.335672
4.837517, 0.360600, 0.339621
4.851934, 0.365095, 0.343765
4.866364, 0.369854, 0.348147
4.880809, 0.374896, 0.352787
4.895268, 0.380213, 0.357682
4.909742, 0.385765, 0.362797
4.924230, 0.391487, 0.368078
4.938733, 0.397299, 0.373449
4.953250, 0.403115, 0.378830
4.967782, 0.408858, 0.384148
4.982328, 0.414473, 0.389351
4.996889, 0.419943, 0.394416
5.011464, 0.425290, 0.399359
5.026054, 0.430575, 0.404233
5.040658, 0.435890, 0.409120
5.055277, 0.441345, 0.414119
5.069911, 0.447048, 0.419332
5.084559, 0.453090, 0.424844
5.099222, 0.459531, 0.430714
5.113900, 0.466393, 0.436968
5.128593, 0.473664, 0.443597
5.143300, 0.481303, 0.450566
5.158022, 0.489258, 0.457830
5.172759, 0.497479, 0.465343
5.187511, 0.505930, 0.473075
5.202277, 0.514599, 0.481015
5.217059, 0.523491, 0.489171
5.231855, 0.532621, 0.497560
5.246667, 0.542002, 0.506200
5.261493, 0.551638, 0.515100
5.276334, 0.561516, 0.524254
5.291190, 0.571618, 0.533645
5.306062, 0.581923, 0.543254
5.320948, 0.592421, 0.553071
5.335849, 0.603120, 0.563097
5.350766, 0.614045, 0.573352
5.365697, 0.625233, 0.583865
5.380644, 0.636723, 0.594668
5.395605, 0.648541, 0.605785
5.410582, 0.660692, 0.617222
5.425575, 0.673153, 0.628957
5.440582, 0.685871, 0.640942
5.455604, 0.698766, 0.653103
5.470642, 0.711741, 0.665344
5.485696, 0.724694, 0.677564
5.500764, 0.737542, 0.689673
5.515848, 0.750244, 0.701617
5.530947, 0.762827, 0.713404
5.546062, 0.775403, 0.725122
5.561191, 0.788172, 0.736945
5.576337, 0.801409, 0.749128
5.591498, 0.815434, 0.761976
5.606674, 0.830569, 0.775813
5.621866, 0.847091, 0.790933
5.637073, 0.865182, 0.807558
5.652296, 0.884888, 0.825794
5.667534, 0.906085, 0.845599
5.682789, 0.928465, 0.866760
5.698058, 0.951539, 0.888894
5.713343, 0.974675, 0.911465
5.728644, 0.997162, 0.933838
5.743961, 1.018297, 0.955351
5.759294, 1.037498, 0.975406
5.774642, 1.054386, 0.993565
5.790006, 1.068845, 1.009610
5.805385, 1.081021, 1.023568
5.820781, 1.091266, 1.035673
5.836192, 1.100038, 1.046290
5.851619, 1.107788, 1.055815
5.867062, 1.114871, 1.064577
5.882521, 1.121488, 1.072785
5.897996, 1.127683, 1.080501
5.913487, 1.133393, 1.087680
5.928994, 1.138519, 1.094229
5.944517, 1.143016, 1.100096
5.960056, 1.146958, 1.105329
5.975611, 1.150561, 1.110118
5.991182, 1.154169, 1.114784
6.006769, 1.158196, 1.119730
6.022372, 1.163053, 1.125379
6.037992, 1.169083, 1.132100
6.053627, 1.176509, 1.140164
6.069279, 1.185407, 1.149709
6.084947, 1.195707, 1.160730
6.100632, 1.207197, 1.173088
6.116332, 1.219541, 1.186517
6.132049, 1.232305, 1.200644
6.147782, 1.244984, 1.215013
6.163532, 1.257045, 1.229119
6.179298, 1.267974, 1.242452
6.195081, 1.277323, 1.254541
6.210879, 1.284753, 1.265002
6.226695, 1.290053, 1.273562
6.242527, 1.293152, 1.280078
6.258375, 1.294106, 1.284538
6.274240, 1.293081, 1.287044
6.290121, 1.290322, 1.287793
6.306019, 1.286110, 1.287037
6.321934, 1.280721, 1.285040
6.337865, 1.274373, 1.282024
6.353813, 1.267188, 1.278122
6.369778, 1.259154, 1.273340
6.385759, 1.250111, 1.267531
6.401758, 1.239763, 1.260394
6.417773, 1.227715, 1.251507
6.433804, 1.213558, 1.240403
6.449853, 1.196975, 1.226675
6.465918, 1.177848, 1.210102
6.482001, 1.156343, 1.190745
6.498100, 1.132925, 1.168989
6.514216, 1.108312, 1.145517
6.530349, 1.083369, 1.121208
6.546499, 1.058972, 1.097003
6.562666, 1.035886, 1.073762
6.578850, 1.014672, 1.052159
6.595052, 0.995631, 1.032608
6.611270, 0.978794, 1.015241
6.627505, 0.963942, 0.999916
6.643758, 0.950648, 0.986259
6.660028, 0.938342, 0.973722
6.676315, 0.926392, 0.961671
6.692619, 0.914197, 0.949472
6.708940, 0.901268, 0.936589
6.725279, 0.887306, 0.922665
6.741635, 0.872230, 0.907565
6.758009, 0.856172, 0.891378
6.774399, 0.839435, 0.874385
6.790808, 0.822419, 0.856983
6.807233, 0.805557, 0.839621
6.823676, 0.789250, 0.822726
6.840137, 0.773819, 0.806655
6.856615, 0.759476, 0.791656
6.873111, 0.746304, 0.777845
6.889624, 0.734261, 0.765202
6.906154, 0.723186, 0.753587
6.922703, 0.712834, 0.742761
6.939269, 0.702909, 0.732427
6.955853, 0.693104, 0.722269
6.972454, 0.683130, 0.711981
6.989073, 0.672743, 0.701303
7.005710, 0.661768, 0.690038
7.022365, 0.650112, 0.678074
7.039037, 0.637780, 0.665400
7.055728, 0.624871, 0.652103
7.072436, 0.611560, 0.638358
7.089162, 0.598064, 0.624388
7.105906, 0.584597, 0.610415
7.122668, 0.571325, 0.596621
7.139448, 0.558346, 0.583113
7.156246, 0.545681, 0.569915
7.173062, 0.533291, 0.556984
7.189897, 0.521107, 0.544243
7.206749, 0.509066, 0.531617
7.223619, 0.497137, 0.519063
7.240508, 0.485334, 0.506590
7.257415, 0.473710, 0.494254
7.274340, 0.462334, 0.482134
7.291283, 0.451267, 0.470308
7.308245, 0.440540, 0.458822
7.325225, 0.430136, 0.447676
7.342223, 0.419994, 0.436822
7.359239, 0.410012, 0.426162
7.376274, 0.400068, 0.415574
7.393328, 0.390038, 0.404930
7.410400, 0.379827, 0.394125
7.427490, 0.369397, 0.383109
7.444599, 0.358780, 0.371907
7.461727, 0.348089, 0.360626
7.478873, 0.337503, 0.349446
7.496037, 0.327239, 0.338588
7.513221, 0.317516, 0.328282
7.530423, 0.308529, 0.318732
7.547643, 0.300417, 0.310091
7.564883, 0.293255, 0.302440
7.582141, 0.287043, 0.295790
7.599418, 0.281711, 0.290076
7.616714, 0.277128, 0.285166
7.634029, 0.273109, 0.280876
7.651362, 0.269441, 0.276984
7.668715, 0.265900, 0.273256
7.686086, 0.262279, 0.269474
7.703477, 0.258419, 0.265458
7.720886, 0.254223, 0.261099
7.738314, 0.249675, 0.256365
7.755762, 0.244830, 0.251304
7.773229, 0.239800, 0.246025
7.790715, 0.234722, 0.240669
7.808220, 0.229725, 0.235375
7.825744, 0.224906, 0.230251
7.843287, 0.220313, 0.225356
7.860850, 0.215943, 0.220697
7.878432, 0.211752, 0.216238
7.896033, 0.207677, 0.211917
7.913654, 0.203652, 0.207669
7.931294, 0.199632, 0.203446
7.948953, 0.195603, 0.199230
7.966632, 0.191581, 0.195034
7.984331, 0.187610, 0.190895
8.002049, 0.183742, 0.186866
8.019786, 0.180028, 0.182996
8.037543, 0.176505, 0.179320
8.055320, 0.173184, 0.175850
8.073117, 0.170055, 0.172577
8.090933, 0.167087, 0.169470
8.108768, 0.164239, 0.166487
8.126624, 0.161467, 0.163586
8.144499, 0.158734, 0.160727
8.162394, 0.156013, 0.157886
8.180309, 0.153291, 0.155049
8.198244, 0.150563, 0.152213
8.216199, 0.147834, 0.149381
8.234174, 0.145107, 0.146558
8.252168, 0.142385, 0.143744
8.270183, 0.139662, 0.140936
8.288218, 0.136934, 0.138124
8.306273, 0.134196, 0.135304
8.324348, 0.131452, 0.132480
8.342443, 0.128722, 0.129670
8.360558, 0.126039, 0.126906
8.378694, 0.123442, 0.124229
8.396849, 0.120972, 0.121679
8.415025, 0.118656, 0.119283
8.433222, 0.116505, 0.117054
8.451438, 0.114507, 0.114980
8.469676, 0.112636, 0.113033
8.487933, 0.110856, 0.111177
8.506211, 0.109130, 0.109376
8.524509, 0.107434, 0.107605
8.542828, 0.105757, 0.105852
8.561168, 0.104103, 0.104123
8.579528, 0.102487, 0.102431
8.597909, 0.100925, 0.100795
8.616310, 0.099432, 0.099230
8.634732, 0.098014, 0.097742
8.653175, 0.096669, 0.096329
8.671639, 0.095389, 0.094986
8.690123, 0.094164, 0.093701
8.708629, 0.092983, 0.092465
8.727155, 0.091841, 0.091273
8.745702, 0.090738, 0.090122
8.764270, 0.089676, 0.089016
8.782859, 0.088661, 0.087959
8.801469, 0.087695, 0.086955
8.820100, 0.086779, 0.086002
8.838752, 0.085904, 0.085092
8.857425, 0.085058, 0.084213
8.876119, 0.084227, 0.083352
8.894835, 0.083395, 0.082493
8.913572, 0.082546, 0.081622
8.932330, 0.081669, 0.080726
8.951109, 0.080751, 0.079795
8.969910, 0.079784, 0.078819
8.988732, 0.078759, 0.077788
9.007575, 0.077666, 0.076692
9.026440, 0.076502, 0.075526
9.045327, 0.075264, 0.074288
9.064235, 0.073958, 0.072980
9.083164, 0.072596, 0.071613
9.102115, 0.071196, 0.070206
9.121088, 0.069782, 0.068781
9.140082, 0.068378, 0.067362
9.159098, 0.067004, 0.065969
9.178136, 0.065675, 0.064618
9.197196, 0.064398, 0.063317
9.216277, 0.063176, 0.062069
9.235380, 0.062010, 0.060875
9.254506, 0.060903, 0.059739
9.273653, 0.059860, 0.058667
9.292822, 0.058893, 0.057670
9.312013, 0.058015, 0.056762
9.331226, 0.057238, 0.055953
9.350461, 0.056567, 0.055251
9.369719, 0.056006, 0.054657
9.388998, 0.055548, 0.054167
9.408300, 0.055176, 0.053763
9.427624, 0.054867, 0.053423
9.446970, 0.054586, 0.053114
9.466338, 0.054296, 0.052798
9.485729, 0.053960, 0.052441
9.505142, 0.053547, 0.052012
9.524578, 0.053039, 0.051494
9.544036, 0.052433, 0.050882
9.563517, 0.051739, 0.050184
9.583020, 0.050976, 0.049420
9.602546, 0.050171, 0.048614
9.622094, 0.049354, 0.047794
9.641665, 0.048552, 0.046988
9.661259, 0.047794, 0.046221
9.680875, 0.047101, 0.045517
9.700515, 0.046491, 0.044891
9.720177, 0.045974, 0.044356
9.739862, 0.045556, 0.043916
9.759570, 0.045234, 0.043568
9.779300, 0.044997, 0.043303
9.799054, 0.044831, 0.043109
9.818831, 0.044719, 0.042967
9.838631, 0.044640, 0.042859
9.858454, 0.044573, 0.042764
9.878300, 0.044501, 0.042666
9.898169, 0.044410, 0.042552
9.918061, 0.044290, 0.042413
9.937977, 0.044137, 0.042245
9.957916, 0.043949, 0.042046
9.977879, 0.043730, 0.041819
9.997865, 0.043480, 0.041566
10.017874, 0.043204, 0.041288
10.037906, 0.042904, 0.040986
10.057963, 0.042581, 0.040662
10.078042, 0.042238, 0.040316
10.098146, 0.041879, 0.039952
10.118273, 0.041507, 0.039573
10.138423, 0.041130, 0.039185
10.158598, 0.040756, 0.038797
10.178796, 0.040393, 0.038418
10.199018, 0.040051, 0.038056
10.219264, 0.039738, 0.037720
10.239533, 0.039458, 0.037414
10.259827, 0.039215, 0.037143
10.280144, 0.039011, 0.036907
10.300486, 0.038845, 0.036707
10.320852, 0.038720, 0.036545
10.341241, 0.038639, 0.036425
10.361655, 0.038607, 0.036350
10.382093, 0.038627, 0.036324
10.402555, 0.038701, 0.036350
10.423042, 0.038829, 0.036427
10.443553, 0.039007, 0.036553
10.464088, 0.039230, 0.036722
10.484648, 0.039494, 0.036931
10.505232, 0.039794, 0.037176
10.525840, 0.040128, 0.037454
10.546473, 0.040497, 0.037765
10.567131, 0.040901, 0.038112
10.587813, 0.041343, 0.038495
10.608520, 0.041825, 0.038916
10.629252, 0.042347, 0.039375
10.650008, 0.042906, 0.039868
10.670789, 0.043497, 0.040388
10.691595, 0.044108, 0.040926
10.712426, 0.044727, 0.041469
10.733282, 0.045339, 0.042002
10.754163, 0.045932, 0.042516
10.775069, 0.046498, 0.043001
10.796000, 0.047034, 0.043458
10.816956, 0.047547, 0.043892
10.837937, 0.048048, 0.044314
10.858943, 0.048558, 0.044743
10.879975, 0.049100, 0.045200
10.901032, 0.049698, 0.045709
10.922114, 0.050378, 0.046291
10.943222, 0.051160, 0.046965
10.964355, 0.052057, 0.047742
10.985513, 0.053069, 0.048622
11.006697, 0.054190, 0.049598
11.027907, 0.055398, 0.050650
11.049142, 0.056669, 0.051754
11.070403, 0.057973, 0.052882
11.091689, 0.059289, 0.054012
11.113002, 0.060604, 0.055133
11.134340, 0.061920, 0.056246
11.155704, 0.063250, 0.057363
11.177094, 0.064610, 0.058498
11.198510, 0.066010, 0.059664
11.219951, 0.067447, 0.060857
11.241419, 0.068904, 0.062064
11.262913, 0.070359, 0.063263
11.284433, 0.071789, 0.064432
11.305979, 0.073188, 0.065563
11.327552, 0.074569, 0.066663
11.349150, 0.075970, 0.067764
11.370775, 0.077451, 0.068918
11.392427, 0.079084, 0.070186
11.414105, 0.080941, 0.071634
11.435809, 0.083084, 0.073318
11.457540, 0.085555, 0.075274
11.479297, 0.088369, 0.077521
11.501081, 0.091515, 0.080050
11.522892, 0.094953, 0.082829
11.544729, 0.098618, 0.085805
11.566593, 0.102426, 0.088908
11.588484, 0.106280, 0.092058
11.610402, 0.110079, 0.095171
11.632346, 0.113736, 0.098175
11.654318, 0.117191, 0.101017
11.676317, 0.120423, 0.103681
11.698342, 0.123453, 0.106180
11.720395, 0.126326, 0.108552
11.742475, 0.129100, 0.110843
11.764582, 0.131830, 0.113097
11.786717, 0.134565, 0.115356
11.808878, 0.137352, 0.117656
11.831067, 0.140239, 0.120036
11.853284, 0.143273, 0.122536
11.875528, 0.146495, 0.125189
11.897799, 0.149929, 0.128020
11.920098, 0.153573, 0.131032
11.942425, 0.157389, 0.134200
11.964779, 0.161299, 0.137468
11.987161, 0.165186, 0.140746
12.009571, 0.168910, 0.143925
12.032008, 0.172335, 0.146889
12.054474, 0.175357, 0.149551
12.076967, 0.177934, 0.151867
12.099488, 0.180091, 0.153848
12.122038, 0.181904, 0.155551
12.144615, 0.183478, 0.157059
12.167221, 0.184917, 0.158454
12.189854, 0.186303, 0.159803
12.212516, 0.187697, 0.161156
12.235207, 0.189145, 0.162550
12.257925, 0.190676, 0.164009
12.280672, 0.192293, 0.165541
12.303448, 0.193968, 0.167126
12.326252, 0.195630, 0.168714
12.349084, 0.197177, 0.170222
12.371945, 0.198497, 0.171556
12.394835, 0.199499, 0.172636
12.417754, 0.200144, 0.173418
12.440701, 0.200451, 0.173909
12.463677, 0.200479, 0.174149
12.486682, 0.200297, 0.174193
12.509716, 0.199961, 0.174086
12.532779, 0.199507, 0.173856
12.555871, 0.198964, 0.173528
12.578992, 0.198374, 0.173137
12.602142, 0.197807, 0.172743
12.625321, 0.197350, 0.172424
12.648530, 0.197092, 0.172260
12.671768, 0.197095, 0.172312
12.695035, 0.197384, 0.172605
12.718332, 0.197937, 0.173126
12.741658, 0.198694, 0.173823
12.765014, 0.199576, 0.174626
12.788399, 0.200506, 0.175463
12.811814, 0.201443, 0.176291
12.835259, 0.202401, 0.177114
12.858734, 0.203444, 0.177987
12.882238, 0.204677, 0.178999
12.905772, 0.206208, 0.180252
12.929336, 0.208120, 0.181835
12.952931, 0.210446, 0.183798
12.976555, 0.213145, 0.186134
13.000209, 0.216091, 0.188769
13.023894, 0.219087, 0.191557
13.047608, 0.221898, 0.194307
13.071353, 0.224298, 0.196824
13.095129, 0.226133, 0.198954
13.118935, 0.227358, 0.200623
13.142771, 0.228039, 0.201847
13.166637, 0.228321, 0.202716
13.190535, 0.228383, 0.203354
13.214463, 0.228384, 0.203883
13.238421, 0.228437, 0.204393
13.262411, 0.228594, 0.204938
13.286431, 0.228853, 0.205528
13.310482, 0.229174, 0.206149
13.334564, 0.229498, 0.206770
13.358677, 0.229778, 0.207364
13.382821, 0.229988, 0.207916
13.406996, 0.230133, 0.208434
13.431202, 0.230234, 0.208935
13.455440, 0.230315, 0.209443
13.479709, 0.230403, 0.209981
13.504009, 0.230530, 0.210576
13.528340, 0.230742, 0.211265
13.552703, 0.231086, 0.212078
13.577098, 0.231583, 0.213024
13.601524, 0.232207, 0.214075
13.625982, 0.232885, 0.215160
13.650471, 0.233514, 0.216187
13.674993, 0.233996, 0.217067
13.699546, 0.234273, 0.217744
13.724131, 0.234337, 0.218209
13.748748, 0.234222, 0.218489
13.773397, 0.233979, 0.218627
13.798078, 0.233655, 0.218666
13.822792, 0.233301, 0.218653
13.847537, 0.232979, 0.218652
13.872315, 0.232773, 0.218747
13.897125, 0.232765, 0.219027
13.921968, 0.233020, 0.219563
13.946843, 0.233567, 0.220391
13.971750, 0.234405, 0.221519
13.996690, 0.235520, 0.222935
14.021663, 0.236895, 0.224622
14.046669, 0.238509, 0.226558
14.071707, 0.240333, 0.228710
14.096778, 0.242330, 0.231038
14.121882, 0.244459, 0.233490
14.147020, 0.246682, 0.236021
14.172190, 0.248983, 0.238599
14.197393, 0.251373, 0.241223
14.222629, 0.253901, 0.243925
14.247899, 0.256649, 0.246772
14.273202, 0.259722, 0.249848
14.298538, 0.263216, 0.253231
14.323908, 0.267191, 0.256970
14.349311, 0.271645, 0.261064
14.374748, 0.276510, 0.265458
14.400219, 0.281664, 0.270057
14.425723, 0.286963, 0.274748
14.451261, 0.292278, 0.279431
14.476833, 0.297519, 0.284039
14.502439, 0.302650, 0.288542
14.528079, 0.307665, 0.292934
14.553752, 0.312572, 0.297214
14.579460, 0.317368, 0.301370
14.605202, 0.322047, 0.305385
14.630979, 0.326619, 0.309262
14.656789, 0.331135, 0.313049
14.682634, 0.335706, 0.316860
14.708514, 0.340503, 0.320871
14.734428, 0.345736, 0.325301
14.760376, 0.351604, 0.330361
14.786360, 0.358252, 0.336208
14.812378, 0.365751, 0.342918
14.838431, 0.374113, 0.350496
14.864518, 0.383330, 0.358905
14.890641, 0.393410, 0.368100
14.916799, 0.404397, 0.378057
14.942991, 0.416388, 0.388795
14.969219, 0.429536, 0.400401
14.995482, 0.444021, 0.413012
15.021781, 0.459979, 0.426758
15.048114, 0.477399, 0.441662
15.074484, 0.496014, 0.457529
15.100888, 0.515250, 0.473893
15.127329, 0.534258, 0.490046
15.153804, 0.552075, 0.505178
15.180316, 0.567876, 0.518598
15.206864, 0.581204, 0.529932
15.233447, 0.592036, 0.539176
15.260066, 0.600617, 0.546554
15.286721, 0.607153, 0.552242
15.313413, 0.611571, 0.556169
15.340140, 0.613553, 0.558045
15.366904, 0.612817, 0.557603
15.393704, 0.609463, 0.554894
15.420541, 0.604098, 0.550410
15.447414, 0.597686, 0.544956
15.474323, 0.591217, 0.539375
15.501269, 0.585456, 0.534330
15.528252, 0.580845, 0.530208
15.555271, 0.577547, 0.527160
15.582328, 0.575546, 0.525182
15.609421, 0.574730, 0.524187
15.636551, 0.574928, 0.524042
15.663718, 0.575891, 0.524548
15.690923, 0.577274, 0.525423
15.718164, 0.578652, 0.526302
15.745443, 0.579634, 0.526834
15.772760, 0.580032, 0.526845
15.800113, 0.579975, 0.526438
15.827504, 0.579849, 0.525961
15.854933, 0.580128, 0.525851
15.882400, 0.581223, 0.526490
15.909904, 0.583394, 0.528126
15.937446, 0.586733, 0.530842
15.965026, 0.591174, 0.534562
15.992644, 0.596542, 0.539097
16.020300, 0.602656, 0.544242
16.047994, 0.609431, 0.549876
16.075727, 0.616956, 0.556037
16.103497, 0.625507, 0.562931
16.131306, 0.635521, 0.570908
16.159154, 0.647499, 0.580373
16.187040, 0.661861, 0.591664
16.214964, 0.678781, 0.604912
16.242928, 0.698094, 0.619960
16.270930, 0.719333, 0.636399
16.298971, 0.741884, 0.653721
16.327051, 0.765178, 0.671495
16.355170, 0.788781, 0.689444
16.383328, 0.812326, 0.707385
16.411525, 0.835332, 0.725089
16.439762, 0.857080, 0.742181
16.468038, 0.876659, 0.758165
16.496353, 0.893202, 0.772540
16.524708, 0.906126, 0.784905
16.553102, 0.915231, 0.794986
16.581536, 0.920645, 0.802620
16.610010, 0.922749, 0.807768
16.638524, 0.922136, 0.810584
16.667077, 0.919605, 0.811470
16.695671, 0.916108, 0.811062
16.724305, 0.912603, 0.810118
16.752978, 0.909825, 0.809318
16.781693, 0.908058, 0.809047
16.810447, 0.907054, 0.809266
16.839242, 0.906146, 0.809537
16.868078, 0.904513, 0.809205
16.896954, 0.901456, 0.807628
16.925870, 0.896554, 0.804361
16.954828, 0.889677, 0.799222
16.983826, 0.880977, 0.792320
17.012866, 0.870944, 0.784086
17.041946, 0.860386, 0.775243
17.071068, 0.850206, 0.766589
17.100231, 0.841066, 0.758718
17.129435, 0.833238, 0.751887
17.158680, 0.826723, 0.746133
17.187967, 0.821442, 0.741452
17.217295, 0.817289, 0.737835
17.246666, 0.814027, 0.735159
17.276078, 0.811220, 0.733105
17.305531, 0.808361, 0.731232
17.335027, 0.805156, 0.729200
17.364565, 0.801770, 0.726976
17.394144, 0.798794, 0.724874
17.423766, 0.796930, 0.723378
17.453430, 0.796608, 0.722870
17.483137, 0.797844, 0.723479
17.512886, 0.800386, 0.725117
17.542678, 0.803971, 0.727634
17.572512, 0.808523, 0.730950
17.602389, 0.814223, 0.735161
17.632309, 0.821506, 0.740595
17.662271, 0.830932, 0.747764
17.692277, 0.842904, 0.757136
17.722326, 0.857324, 0.768829
17.752418, 0.873398, 0.782390
17.782553, 0.889792, 0.796820
17.812732, 0.905144, 0.810915
17.842954, 0.918685, 0.823759
17.873220, 0.930491, 0.835054
17.903530, 0.941187, 0.845016
17.933883, 0.951401, 0.853999
17.964280, 0.961476, 0.862226
17.994721, 0.971641, 0.869899
18.025206, 0.982436, 0.877565
18.055735, 0.994961, 0.886350
18.086308, 1.010632, 0.897756
18.116926, 1.030521, 0.913070
18.147588, 1.054726, 0.932739
18.178295, 1.082113, 0.956058
18.209047, 1.110509, 0.981251
18.239843, 1.137272, 1.005901
18.270683, 1.160196, 1.027730
18.301569, 1.178541, 1.045557
18.332500, 1.193542, 1.059927
18.363476, 1.207835, 1.072814
18.394497, 1.224130, 1.086557
18.425564, 1.244043, 1.102767
18.456676, 1.267746, 1.121900
18.487833, 1.294461, 1.143583
18.519036, 1.323297, 1.167333
18.550285, 1.353705, 1.192979
18.581579, 1.385161, 1.220402
18.612920, 1.416494, 1.248900
18.644306, 1.445630, 1.276848
18.675739, 1.470059, 1.302006
18.707217, 1.487722, 1.322308
18.738743, 1.497801, 1.336663
18.770314, 1.500865, 1.345262
18.801932, 1.498228, 1.349089
18.833597, 1.491002, 1.348987
18.865308, 1.479769, 1.345157
18.897067, 1.465232, 1.337651
18.928872, 1.449044, 1.327339
18.960724, 1.433737, 1.316213
18.992623, 1.421756, 1.306687
19.024570, 1.414560, 1.300605
19.056564, 1.412313, 1.298682
19.088605, 1.413984, 1.300399
19.120694, 1.417561, 1.304153
19.152831, 1.420341, 1.307586
19.185015, 1.419437, 1.308077
19.217248, 1.412642, 1.303495
19.249528, 1.399539, 1.293167
19.281857, 1.382013, 1.278454
19.314233, 1.363346, 1.262144
19.346658, 1.346466, 1.246971
19.379132, 1.332645, 1.234344
19.411653, 1.321213, 1.223904
19.444224, 1.310106, 1.213859
19.476843, 1.296965, 1.201923
19.509511, 1.280409, 1.186554
19.542229, 1.260787, 1.167810
19.574995, 1.239858, 1.147201
19.607810, 1.219772, 1.126765
19.640675, 1.202273, 1.108250
19.673589, 1.188597, 1.092907
19.706553, 1.179648, 1.081620
19.739566, 1.175938, 1.074890
19.772629, 1.177417, 1.072716
19.805742, 1.183561, 1.074726
19.838905, 1.193702, 1.080501
19.872118, 1.207119, 1.089689
19.905381, 1.222724, 1.101686
19.938694, 1.238775, 1.115242
19.972058, 1.253123, 1.128495
20.005473, 1.263915, 1.139493
20.038938, 1.270233, 1.146857
20.072454, 1.272285, 1.150163
20.106020, 1.271361, 1.150049
20.139638, 1.269796, 1.148237
20.173307, 1.270867, 1.147483
20.207027, 1.278309, 1.151183
20.240799, 1.295410, 1.162555
20.274622, 1.324022, 1.183710
20.308496, 1.363943, 1.215048
20.342422, 1.412951, 1.255221
20.376400, 1.467465, 1.301609
20.410431, 1.523462, 1.350998
20.444513, 1.577162, 1.400087
20.478647, 1.625515, 1.445888
20.512833, 1.666738, 1.486293
20.547072, 1.700694, 1.520645
20.581364, 1.728641, 1.549713
20.615708, 1.752380, 1.574953
20.650105, 1.773474, 1.597711
20.684555, 1.793070, 1.619002
20.719058, 1.812032, 1.639721
20.753614, 1.830733, 1.660634
20.788224, 1.848420, 1.681866
20.822886, 1.862645, 1.702189
20.857603, 1.869504, 1.718774
20.892373, 1.865138, 1.728016
20.927196, 1.847990, 1.727319
20.962074, 1.820122, 1.716713
20.997006, 1.786166, 1.698871
21.031991, 1.750659, 1.677388
21.067031, 1.716196, 1.654922
21.102126, 1.683626, 1.632749
21.137275, 1.653169, 1.611411
21.172478, 1.624916, 1.591242
21.207737, 1.598538, 1.572248
21.243050, 1.572829, 1.553674
21.278419, 1.545579, 1.533718
21.313842, 1.514058, 1.509790
21.349321, 1.476002, 1.479360
21.384855, 1.430769, 1.441127
21.420445, 1.379978, 1.395897
21.456091, 1.326865, 1.346350
21.491792, 1.274898, 1.295839
21.527549, 1.227106, 1.247555
21.563363, 1.186320, 1.204563
21.599232, 1.155176, 1.169807
21.635158, 1.135368, 1.145491
21.671141, 1.126633, 1.132083
21.707180, 1.126189, 1.127602
21.743275, 1.129229, 1.127815
21.779428, 1.130628, 1.127651
21.815638, 1.127091, 1.123295
21.851904, 1.118514, 1.113834
21.888228, 1.107803, 1.101502
21.924610, 1.099160, 1.090282
21.961049, 1.095830, 1.083687
21.997546, 1.098898, 1.083313
22.034100, 1.107717, 1.088987
22.070713, 1.120943, 1.099687
22.107383, 1.136932, 1.113971
22.144112, 1.153649, 1.129879
22.180900, 1.169048, 1.145226
22.217745, 1.182033, 1.158548
22.254650, 1.193282, 1.170001
22.291613, 1.205264, 1.181558
22.328635, 1.221101, 1.196130
22.365717, 1.242526, 1.215758
22.402857, 1.268407, 1.240044
22.440057, 1.295211, 1.266233
22.477316, 1.319063, 1.290892
22.514635, 1.337706, 1.311755
22.552014, 1.351153, 1.328499
22.589453, 1.361013, 1.342337
22.626952, 1.369165, 1.354913
22.664511, 1.376673, 1.367252
22.702131, 1.383404, 1.379260
22.739810, 1.388032, 1.389648
22.777551, 1.388225, 1.396078
22.815353, 1.381383, 1.395806
22.853215, 1.365901, 1.386882
22.891139, 1.342061, 1.369132
22.929123, 1.311953, 1.344221
22.967170, 1.278906, 1.315184
23.005277, 1.246842, 1.285860
23.043447, 1.219288, 1.259995
23.081678, 1.197747, 1.239673
23.119971, 1.180237, 1.223664
23.158327, 1.161452, 1.207115
23.196745, 1.135264, 1.183621
23.235225, 1.098562, 1.149136
23.273768, 1.053441, 1.104846
23.312373, 1.005523, 1.056133
23.351042, 0.960288, 1.008880
23.389773, 0.920874, 0.966828
23.428568, 0.888172, 0.931354
23.467426, 0.861961, 0.902575
23.506348, 0.841639, 0.880183
23.545333, 0.826065, 0.863328
23.584383, 0.813355, 0.850294
23.623496, 0.801371, 0.838796
23.662673, 0.788481, 0.826724
23.701915, 0.773886, 0.812700
23.741221, 0.757491, 0.796269
23.780592, 0.739849, 0.777925
23.820028, 0.722171, 0.759000
23.859528, 0.705889, 0.741070
23.899094, 0.691895, 0.725079
23.938725, 0.680323, 0.711089
23.978421, 0.671042, 0.698874
24.018183, 0.664088, 0.688452
24.058011, 0.659571, 0.679984
24.097905, 0.657521, 0.673555
24.137865, 0.658128, 0.669371
24.177891, 0.661892, 0.667930
24.217983, 0.669304, 0.669710
24.258142, 0.680539, 0.674854
24.298368, 0.695605, 0.683334
24.338661, 0.714750, 0.695399
24.379021, 0.738614, 0.711806
24.419448, 0.767774, 0.733441
24.459943, 0.801848, 0.760495
24.500505, 0.838856, 0.791930
24.541134, 0.875442, 0.825712
24.581832, 0.908071, 0.859647
24.622598, 0.934619, 0.892265
24.663432, 0.955196, 0.923235
24.704335, 0.971475, 0.953092
24.745306, 0.985086, 0.982467
24.786346, 0.996355, 1.011286
24.827455, 1.004096, 1.038347
24.868633, 1.006090, 1.061337
24.909881, 0.999875, 1.077211
24.951198, 0.983854, 1.083099
24.992584, 0.958215, 1.077573
25.034041, 0.924803, 1.061289
25.075567, 0.886023, 1.036340
25.117164, 0.843789, 1.004995
25.158831, 0.799573, 0.969174
25.200568, 0.755334, 0.930960
25.242377, 0.713781, 0.892852
25.284256, 0.677535, 0.857223
25.326206, 0.648215, 0.825707
25.368228, 0.626118, 0.798942
25.410321, 0.610253, 0.776513
25.452485, 0.598548, 0.757063
25.494722, 0.588353, 0.738593
25.537030, 0.577291, 0.719053
25.579411, 0.564100, 0.697121
25.621864, 0.548906, 0.672673
25.664390, 0.532831, 0.646672
25.706988, 0.517437, 0.620828
25.749659, 0.504300, 0.597187
25.792403, 0.494717, 0.577644
25.835221, 0.489482, 0.563487
25.878112, 0.488750, 0.555166
25.921077, 0.492136, 0.552370
25.964116, 0.499030, 0.554378
26.007229, 0.508846, 0.560433
26.050416, 0.521018, 0.569807
26.093677, 0.535016, 0.581740
26.137013, 0.550560, 0.595597
26.180424, 0.567679, 0.611041
26.223910, 0.586331, 0.627765
26.267471, 0.605859, 0.644851
26.311108, 0.624944, 0.660647
26.354820, 0.642386, 0.673859
26.398608, 0.657765, 0.684661
26.442472, 0.670917, 0.694169
26.486413, 0.680781, 0.702811
26.530429, 0.685053, 0.709375
26.574522, 0.681219, 0.711485
26.618692, 0.668209, 0.707021
26.662940, 0.647154, 0.695376
26.707264, 0.620608, 0.677523
26.751665, 0.591332, 0.655201
26.796145, 0.561721, 0.630333
26.840702, 0.533638, 0.604782
26.885337, 0.508301, 0.580154
26.930050, 0.486298, 0.557640
26.974842, 0.467579, 0.537813
27.019712, 0.451362, 0.520343
27.064662, 0.436371, 0.504118
27.109690, 0.421515, 0.487949
27.154798, 0.406415, 0.471247
27.199985, 0.391329, 0.454150
27.245251, 0.376703, 0.437181
27.290598, 0.362897, 0.420897
27.336025, 0.350285, 0.405851
27.381532, 0.339320, 0.392577
27.427119, 0.330293, 0.381348
27.472788, 0.323268, 0.372148
27.518537, 0.318321, 0.365012
27.564367, 0.315595, 0.360131
27.610279, 0.315056, 0.357555
27.656272, 0.316367, 0.357011
27.702348, 0.319059, 0.358088
27.748505, 0.322834, 0.360566
27.794744, 0.327687, 0.364549
27.841067, 0.333650, 0.370171
27.887471, 0.340408, 0.377134
27.933959, 0.347116, 0.384468
27.980530, 0.352463, 0.390646
28.027184, 0.355068, 0.394076
28.073922, 0.354101, 0.393782
28.120743, 0.349732, 0.389863
28.167649, 0.343012, 0.383402
28.214639, 0.335253, 0.375858
28.261713, 0.327412, 0.368330
28.308872, 0.319928, 0.361280
28.356116, 0.312955, 0.354732
28.403446, 0.306520, 0.348483
28.450860, 0.300514, 0.342223
28.498361, 0.294814, 0.335740
28.545947, 0.289466, 0.329126
28.593619, 0.284710, 0.322773
28.641378, 0.280882, 0.317240
28.689223, 0.278272, 0.313020
28.737155, 0.276991, 0.310335
28.785174, 0.276940, 0.309117
28.833280, 0.277808, 0.309065
28.881474, 0.278980, 0.309548
28.929756, 0.279630, 0.309619
28.978126, 0.279162, 0.308441
29.026584, 0.277508, 0.305736
29.075130, 0.275032, 0.301860
29.123765, 0.272344, 0.297622
29.172489, 0.270134, 0.293960
29.221303, 0.268827, 0.291456
29.270206, 0.268210, 0.289946
29.319198, 0.267508, 0.288611
29.368281, 0.265939, 0.286585
29.417453, 0.263214, 0.283513
29.466717, 0.259562, 0.279587
29.516071, 0.255473, 0.275249
29.565515, 0.251357, 0.270836
29.615051, 0.247369, 0.266404
29.664679, 0.243577, 0.261927
29.714398, 0.240125, 0.257548
29.764209, 0.237134, 0.253495
29.814113, 0.234657, 0.249968
29.864109, 0.232752, 0.247137
29.914197, 0.231426, 0.245067
29.964379, 0.230527, 0.243619
30.014654, 0.229898, 0.242616
30.065022, 0.229610, 0.242102
30.115484, 0.229759, 0.242160
30.166041, 0.230156, 0.242606
30.216691, 0.230442, 0.243079
30.267436, 0.230283, 0.243212
30.318276, 0.229398, 0.242660
30.369211, 0.227607, 0.241168
30.420242, 0.224929, 0.238658
30.471368, 0.221643, 0.235298
30.522589, 0.218261, 0.231539
30.573908, 0.215313, 0.227975
30.625322, 0.213155, 0.225123
30.676833, 0.211860, 0.223218
30.728442, 0.211120, 0.222061
30.780147, 0.210387, 0.221162
30.831950, 0.209318, 0.220179
30.883851, 0.208032, 0.219162
30.935850, 0.206916, 0.218416
30.987947, 0.206270, 0.218215
31.040143, 0.206021, 0.218494
31.092438, 0.205646, 0.218704
31.144832, 0.204362, 0.217941
31.197326, 0.201660, 0.215488
31.249919, 0.197722, 0.211365
31.302613, 0.193270, 0.206319
31.355406, 0.189132, 0.201362
31.408301, 0.185928, 0.197305
31.461296, 0.183944, 0.194519
31.514393, 0.183194, 0.193030
31.567591, 0.183531, 0.192711
31.620891, 0.184689, 0.193371
31.674292, 0.186294, 0.194708
31.727797, 0.187947, 0.196348
31.781404, 0.189324, 0.197944
31.835114, 0.190129, 0.199150
31.888927, 0.190046, 0.199548
31.942844, 0.188891, 0.198815
31.996864, 0.186865, 0.197037
32.050989, 0.184552, 0.194774
32.105219, 0.182505, 0.192651
32.159553, 0.180791, 0.190836
32.213992, 0.179135, 0.189093
32.268536, 0.177487, 0.187345
32.323186, 0.176099, 0.185802
32.377943, 0.175174, 0.184642
32.432805, 0.174760, 0.183928
32.487774, 0.174840, 0.183716
32.542850, 0.175287, 0.183988
32.598033, 0.175823, 0.184555
32.653324, 0.176194, 0.185172
32.708723, 0.176329, 0.185712
32.764230, 0.176178, 0.186074
32.819845, 0.175497, 0.186004
32.875569, 0.173983, 0.185165
32.931403, 0.171535, 0.183343
32.987345, 0.168374, 0.180600
33.043398, 0.165120, 0.177446
33.099560, 0.162615, 0.174736
33.155833, 0.161407, 0.173156
33.212217, 0.161476, 0.172856
33.268712, 0.162321, 0.173433
33.325318, 0.163202, 0.174136
33.382036, 0.163655, 0.174410
33.438866, 0.163903, 0.174332
33.495809, 0.164398, 0.174248
33.552864, 0.165169, 0.174238
33.610032, 0.165885, 0.174155
33.667314, 0.166207, 0.173803
33.724710, 0.165920, 0.172968
33.782219, 0.164964, 0.171542
33.839843, 0.163461, 0.169680
33.897582, 0.161720, 0.167799
33.955435, 0.160046, 0.166244
34.013405, 0.158525, 0.165042
34.071490, 0.157125, 0.164061
34.129691, 0.155940, 0.163285
34.188009, 0.155248, 0.162873
34.246443, 0.155161, 0.162826
34.304995, 0.155397, 0.162820
34.363664, 0.155560, 0.162531
34.422451, 0.155447, 0.161920
34.481357, 0.155083, 0.161176
34.540381, 0.154504, 0.160482
34.599524, 0.153534, 0.159809
34.658786, 0.151859, 0.158889
34.718168, 0.149336, 0.157380
34.777670, 0.146237, 0.155246
34.837293, 0.143094, 0.152839
34.897036, 0.140260, 0.150477
34.956901, 0.137833, 0.148249
35.016887, 0.135725, 0.146130
35.076995, 0.133590, 0.143874
35.137225, 0.131149, 0.141236
35.197578, 0.128625, 0.138452
35.258054, 0.126403, 0.135969
35.318653, 0.124499, 0.133871
35.379376, 0.122549, 0.131807
35.440223, 0.120275, 0.129456
35.501195, 0.117830, 0.126901
35.562291, 0.115558, 0.124425
35.623513, 0.113643, 0.122200
35.684861, 0.112073, 0.120248
35.746334, 0.110670, 0.118441
35.807935, 0.109184, 0.116538
35.869661, 0.107625, 0.114544
35.931516, 0.106304, 0.112794
35.993498, 0.105392, 0.111493
36.055607, 0.104765, 0.110529
36.117846, 0.104329, 0.109811
36.180213, 0.104183, 0.109445
36.242709, 0.104405, 0.109518
36.305335, 0.104769, 0.109789
36.368091, 0.104899, 0.109829
36.430978, 0.104768, 0.109587
36.493995, 0.104732, 0.109436
36.557144, 0.104976, 0.109554
36.620424, 0.105422, 0.109818
36.683836, 0.106223, 0.110376
36.747381, 0.107675, 0.111609
36.811059, 0.109501, 0.113347
36.874870, 0.111054, 0.114951
36.938815, 0.112060, 0.116069
37.002894, 0.112500, 0.116627
37.067107, 0.112325, 0.116578
37.131456, 0.111572, 0.115965
37.195940, 0.110435, 0.114983
37.260560, 0.109012, 0.113756
37.325316, 0.107080, 0.112052
37.390209, 0.104392, 0.109543
37.455239, 0.101258, 0.106442
37.520407, 0.098432, 0.103511
37.585712, 0.096459, 0.101401
37.651157, 0.095391, 0.100259
37.716740, 0.094966, 0.099870
37.782462, 0.094916, 0.099967
37.848324, 0.095075, 0.100364
37.914327, 0.095405, 0.100988
37.980470, 0.095834, 0.101755
38.046754, 0.096148, 0.102411
38.113180, 0.096159, 0.102670
38.179748, 0.095785, 0.102386
38.246459, 0.094985, 0.101531
38.313313, 0.093762, 0.100196
38.380309, 0.092364, 0.098718
38.447450, 0.091237, 0.097563
38.514735, 0.090493, 0.096837
38.582165, 0.089772, 0.096191
38.649741, 0.088704, 0.095278
38.717462, 0.087242, 0.094063
38.785329, 0.085517, 0.092652
38.853343, 0.083725, 0.091130
38.921504, 0.082137, 0.089683
38.989813, 0.080821, 0.088419
39.058270, 0.079546, 0.087170
39.126876, 0.078159, 0.085815
39.195630, 0.076567, 0.084278
39.264535, 0.074698, 0.082420
39.333589, 0.072834, 0.080429
39.402794, 0.071367, 0.078733
39.472150, 0.070224, 0.077340
39.541658, 0.068917, 0.075781
39.611317, 0.067020, 0.073623
39.681129, 0.064559, 0.070880
39.751095, 0.061891, 0.067910
39.821214, 0.059422, 0.065155
39.891486, 0.057290, 0.062781
39.961914, 0.055342, 0.060624
40.032496, 0.053453, 0.058533
40.103235, 0.051659, 0.056547
40.174129, 0.050102, 0.054844
40.245180, 0.048940, 0.053623
40.316388, 0.048225, 0.052916
40.387754, 0.047788, 0.052481
40.459278, 0.047403, 0.052022
40.530960, 0.047168, 0.051631
40.602802, 0.047416, 0.051711
40.674804, 0.048279, 0.052460
40.746966, 0.049568, 0.053703
40.819289, 0.050899, 0.055036
40.891773, 0.051926, 0.056068
40.964420, 0.052708, 0.056828
41.037228, 0.053407, 0.057500
41.110200, 0.053772, 0.057852
41.183335, 0.053420, 0.057477
41.256635, 0.052485, 0.056478
41.330099, 0.051418, 0.055310
41.403728, 0.050377, 0.054149
41.477524, 0.049294, 0.052926
41.551485, 0.048119, 0.051599
41.625614, 0.046919, 0.050247
41.699909, 0.045927, 0.049117
41.774373, 0.045430, 0.048519
41.849006, 0.045549, 0.048584
41.923808, 0.046110, 0.049127
41.998779, 0.046830, 0.049835
42.073921, 0.047497, 0.050474
42.149234, 0.047895, 0.050812
42.224718, 0.047889, 0.050715
42.300375, 0.047730, 0.050432
42.376204, 0.047935, 0.050486
42.452206, 0.048792, 0.051210
42.528383, 0.049949, 0.052354
42.604733, 0.050778, 0.053408
42.681259, 0.050957, 0.054094
42.757961, 0.050351, 0.054135
42.834838, 0.049053, 0.053341
42.911893, 0.047541, 0.051993
42.989125, 0.046240, 0.050554
43.066536, 0.045368, 0.049389
43.144125, 0.045003, 0.048688
43.221893, 0.044932, 0.048341
43.299841, 0.044745, 0.048043
43.377970, 0.044297, 0.047646
43.456281, 0.043827, 0.047252
43.534773, 0.043579, 0.047090
43.613447, 0.043428, 0.047086
43.692305, 0.043057, 0.046881
43.771346, 0.042371, 0.046332
43.850572, 0.041437, 0.045498
43.929983, 0.040502, 0.044634
44.009580, 0.039714, 0.043921
44.089363, 0.038858, 0.043123
44.169333, 0.037861, 0.042127
44.249490, 0.036785, 0.040992
44.329836, 0.035663, 0.039752
44.410371, 0.034623, 0.038564
44.491096, 0.033773, 0.037582
44.572011, 0.033135, 0.036837
44.653117, 0.032659, 0.036251
44.734415, 0.032223, 0.035676
44.815905, 0.031814, 0.035118
44.897588, 0.031509, 0.034716
44.979465, 0.031306, 0.034474
45.061537, 0.030964, 0.034120
45.143803, 0.030134, 0.033243
45.226265, 0.028885, 0.031876
45.308924, 0.027513, 0.030340
45.391780, 0.026149, 0.028780
45.474834, 0.024872, 0.027283
45.558087, 0.023787, 0.025998
45.641539, 0.022917, 0.024986
45.725191, 0.022194, 0.024170
45.809044, 0.021556, 0.023467
45.893098, 0.021000, 0.022864
45.977355, 0.020587, 0.022410
46.061814, 0.020246, 0.022017
46.146477, 0.019769, 0.021457
46.231345, 0.019086, 0.020660
46.316418, 0.018373, 0.019808
46.401697, 0.017770, 0.019069
46.487183, 0.017261, 0.018448
46.572876, 0.016776, 0.017878
46.658777, 0.016295, 0.017328
46.744887, 0.015898, 0.016874
46.831207, 0.015680, 0.016615
46.917737, 0.015621, 0.016554
47.004479, 0.015580, 0.016539
47.091432, 0.015459, 0.016426
47.178599, 0.015296, 0.016216
47.265979, 0.015138, 0.015981
47.353573, 0.014984, 0.015758
47.441382, 0.014817, 0.015550
47.529408, 0.014636, 0.015341
47.617650, 0.014467, 0.015140
47.706110, 0.014298, 0.014931
47.794788, 0.014090, 0.014676
47.883685, 0.013867, 0.014406
47.972803, 0.013646, 0.014151
48.062141, 0.013402, 0.013883
48.151701, 0.013160, 0.013618
48.241483, 0.012988, 0.013412
48.331488, 0.012941, 0.013315
48.421718, 0.012992, 0.013316
48.512172, 0.013045, 0.013339
48.602853, 0.013071, 0.013358
48.693760, 0.013069, 0.013361
48.784894, 0.013017, 0.013309
48.876257, 0.013010, 0.013277
48.967849, 0.013152, 0.013372
49.059671, 0.013427, 0.013580
49.151724, 0.013794, 0.013840
49.244009, 0.014255, 0.014164
49.336526, 0.014751, 0.014529
49.429277, 0.015320, 0.014995
49.522263, 0.015992, 0.015671
49.615484, 0.016501, 0.016375
49.708941, 0.016616, 0.016792
49.802635, 0.016516, 0.016958
49.896568, 0.016382, 0.017052
49.990739, 0.016289, 0.017162
50.085150, 0.016202, 0.017300
50.179802, 0.015967, 0.017305
50.274695, 0.015696, 0.017213
50.369832, 0.015547, 0.017209
50.465211, 0.015428, 0.017270
50.560836, 0.015223, 0.017262
50.656705, 0.014971, 0.017165
50.752821, 0.014820, 0.017150
50.849185, 0.014748, 0.017284
50.945796, 0.014511, 0.017280
51.042657, 0.014075, 0.016959
51.139769, 0.013642, 0.016538
51.237131, 0.013177, 0.016054
51.334745, 0.012655, 0.015452
51.432613, 0.012234, 0.014920
51.530735, 0.011922, 0.014504
51.629112, 0.011705, 0.014196
51.727745, 0.011574, 0.014037
51.826635, 0.011411, 0.013876
51.925783, 0.011188, 0.013597
52.025191, 0.011056, 0.013375
52.124858, 0.011007, 0.013262
52.224787, 0.010875, 0.013066
52.324978, 0.010726, 0.012858
52.425432, 0.010650, 0.012785
52.526151, 0.010520, 0.012684
52.627135, 0.010284, 0.012430
52.728385, 0.010040, 0.012133
52.829903, 0.009728, 0.011735
52.931689, 0.009397, 0.011286
53.033744, 0.009157, 0.010947
53.136071, 0.009023, 0.010750
53.238669, 0.009026, 0.010724
53.341539, 0.009210, 0.010922
53.444684, 0.009505, 0.011295
53.548104, 0.009631, 0.011516
53.651799, 0.009413, 0.011307
53.755772, 0.009054, 0.010865
53.860024, 0.008733, 0.010439
53.964554, 0.008501, 0.010113
54.069365, 0.008360, 0.009904
54.174458, 0.008331, 0.009847
54.279834, 0.008399, 0.009925
54.385493, 0.008469, 0.010021
54.491438, 0.008507, 0.010083
54.597669, 0.008452, 0.010048
54.704187, 0.008238, 0.009823
54.810994, 0.007963, 0.009492
54.918091, 0.007791, 0.009253
55.025479, 0.007739, 0.009165
55.133158, 0.007672, 0.009080
55.241131, 0.007551, 0.008946
55.349399, 0.007373, 0.008743
55.457962, 0.007170, 0.008485
55.566823, 0.007104, 0.008377
55.675981, 0.007171, 0.008447
55.785439, 0.007111, 0.008398
55.895197, 0.006733, 0.007977
56.005257, 0.006207, 0.007350
56.115621, 0.005817, 0.006858
56.226289, 0.005681, 0.006665
56.337262, 0.005640, 0.006598
56.448542, 0.005499, 0.006425
56.560131, 0.005251, 0.006123
56.672029, 0.005073, 0.005897
56.784237, 0.005012, 0.005815
56.896758, 0.004973, 0.005773
57.009592, 0.004834, 0.005614
57.122740, 0.004583, 0.005316
57.236205, 0.004309, 0.004984
57.349987, 0.004074, 0.004694
57.464087, 0.003902, 0.004480
57.578508, 0.003765, 0.004308
57.693250, 0.003663, 0.004179
57.808314, 0.003579, 0.004079
57.923703, 0.003484, 0.003971
58.039416, 0.003365, 0.003835
58.155457, 0.003206, 0.003648
58.271826, 0.003049, 0.003462
58.388524, 0.002927, 0.003317
58.505553, 0.002787, 0.003152
58.622915, 0.002595, 0.002927
58.740611, 0.002386, 0.002682
58.858641, 0.002201, 0.002465
58.977009, 0.002055, 0.002292
59.095714, 0.001928, 0.002141
59.214759, 0.001772, 0.001958
59.334145, 0.001588, 0.001745
59.453873, 0.001421, 0.001551
59.573946, 0.001300, 0.001412
59.694364, 0.001206, 0.001305
59.815128, 0.001115, 0.001201
59.936241, 0.001030, 0.001102
60.057704, 0.000961, 0.001023
60.179519, 0.000912, 0.000966
60.301686, 0.000877, 0.000926
60.424208, 0.000850, 0.000895
60.547086, 0.000825, 0.000866
60.670322, 0.000802, 0.000840
60.793917, 0.000782, 0.000818
60.917873, 0.000765, 0.000799
61.042191, 0.000751, 0.000782
61.166872, 0.000738, 0.000768
61.291920, 0.000726, 0.000754
61.417334, 0.000714, 0.000742
61.543117, 0.000704, 0.000730
61.669271, 0.000694, 0.000719
61.795797, 0.000684, 0.000709
61.922696, 0.000675, 0.000699
62.049971, 0.000666, 0.000689
