# energy, eels_NLFC_w, eels_LFC_w
0.000000, 0.000000, 0.000000
0.010004, 0.000110, 0.000091
0.020017, 0.000219, 0.000181
0.030037, 0.000329, 0.000272
0.040066, 0.000439, 0.000363
0.050104, 0.000550, 0.000454
0.060149, 0.000660, 0.000545
0.070204, 0.000771, 0.000637
0.080266, 0.000882, 0.000728
0.090337, 0.000993, 0.000820
0.100416, 0.001105, 0.000912
0.110503, 0.001217, 0.001004
0.120599, 0.001329, 0.001097
0.130704, 0.001441, 0.001190
0.140817, 0.001554, 0.001283
0.150938, 0.001668, 0.001377
0.161067, 0.001782, 0.001471
0.171206, 0.001896, 0.001566
0.181352, 0.002011, 0.001660
0.191507, 0.002127, 0.001756
0.201671, 0.002243, 0.001851
0.211843, 0.002360, 0.001948
0.222023, 0.002477, 0.002044
0.232212, 0.002595, 0.002142
0.242410, 0.002714, 0.002240
0.252616, 0.002833, 0.002338
0.262831, 0.002953, 0.002437
0.273054, 0.003074, 0.002537
0.283286, 0.003196, 0.002637
0.293526, 0.003319, 0.002738
0.303775, 0.003443, 0.002840
0.314032, 0.003567, 0.002943
0.324299, 0.003693, 0.003046
0.334573, 0.003820, 0.003151
0.344857, 0.003947, 0.003256
0.355149, 0.004076, 0.003362
0.365449, 0.004206, 0.003469
0.375759, 0.004337, 0.003577
0.386077, 0.004470, 0.003686
0.396404, 0.004604, 0.003796
0.406739, 0.004739, 0.003907
0.417083, 0.004875, 0.004019
0.427436, 0.005013, 0.004132
0.437798, 0.005153, 0.004247
0.448168, 0.005294, 0.004363
0.458547, 0.005437, 0.004480
0.468935, 0.005581, 0.004598
0.479332, 0.005727, 0.004718
0.489737, 0.005875, 0.004840
0.500151, 0.006025, 0.004963
0.510574, 0.006177, 0.005087
0.521006, 0.006331, 0.005213
0.531447, 0.006487, 0.005341
0.541896, 0.006646, 0.005471
0.552355, 0.006806, 0.005603
0.562822, 0.006970, 0.005736
0.573298, 0.007135, 0.005872
0.583783, 0.007303, 0.006009
0.594277, 0.007474, 0.006149
0.604780, 0.007648, 0.006291
0.615292, 0.007824, 0.006435
0.625812, 0.008004, 0.006582
0.636342, 0.008187, 0.006731
0.646881, 0.008373, 0.006883
0.657428, 0.008563, 0.007038
0.667985, 0.008756, 0.007195
0.678550, 0.008953, 0.007356
0.689125, 0.009153, 0.007519
0.699708, 0.009358, 0.007686
0.710301, 0.009567, 0.007857
0.720903, 0.009781, 0.008030
0.731513, 0.009999, 0.008208
0.742133, 0.010222, 0.008389
0.752762, 0.010450, 0.008575
0.763400, 0.010683, 0.008764
0.774047, 0.010921, 0.008958
0.784703, 0.011166, 0.009156
0.795368, 0.011416, 0.009359
0.806042, 0.011672, 0.009567
0.816726, 0.011934, 0.009780
0.827418, 0.012203, 0.009998
0.838120, 0.012479, 0.010222
0.848831, 0.012762, 0.010451
0.859551, 0.013053, 0.010686
0.870280, 0.013351, 0.010927
0.881019, 0.013656, 0.011175
0.891767, 0.013970, 0.011428
0.902524, 0.014292, 0.011689
0.913290, 0.014623, 0.011956
0.924066, 0.014963, 0.012231
0.934850, 0.015313, 0.012513
0.945645, 0.015673, 0.012803
0.956448, 0.016043, 0.013102
0.967261, 0.016425, 0.013410
0.978083, 0.016819, 0.013727
0.988914, 0.017225, 0.014054
0.999755, 0.017645, 0.014392
1.010605, 0.018079, 0.014741
1.021464, 0.018528, 0.015102
1.032333, 0.018994, 0.015476
1.043211, 0.019477, 0.015864
1.054099, 0.019979, 0.016267
1.064996, 0.020500, 0.016685
1.075902, 0.021042, 0.017120
1.086818, 0.021607, 0.017572
1.097744, 0.022195, 0.018044
1.108678, 0.022809, 0.018535
1.119623, 0.023450, 0.019048
1.130576, 0.024120, 0.019584
1.141540, 0.024822, 0.020145
1.152512, 0.025557, 0.020732
1.163495, 0.026327, 0.021348
1.174487, 0.027136, 0.021994
1.185488, 0.027986, 0.022672
1.196499, 0.028880, 0.023385
1.207520, 0.029820, 0.024134
1.218550, 0.030810, 0.024924
1.229590, 0.031854, 0.025755
1.240639, 0.032954, 0.026631
1.251698, 0.034113, 0.027555
1.262767, 0.035336, 0.028528
1.273845, 0.036626, 0.029555
1.284933, 0.037986, 0.030637
1.296031, 0.039418, 0.031777
1.307138, 0.040926, 0.032977
1.318255, 0.042512, 0.034238
1.329382, 0.044175, 0.035562
1.340518, 0.045917, 0.036949
1.351664, 0.047736, 0.038397
1.362820, 0.049628, 0.039905
1.373986, 0.051589, 0.041467
1.385162, 0.053610, 0.043079
1.396347, 0.055682, 0.044733
1.407542, 0.057790, 0.046417
1.418747, 0.059920, 0.048120
1.429962, 0.062051, 0.049827
1.441186, 0.064165, 0.051521
1.452421, 0.066237, 0.053185
1.463665, 0.068247, 0.054801
1.474920, 0.070171, 0.056350
1.486184, 0.071992, 0.057819
1.497458, 0.073695, 0.059194
1.508742, 0.075270, 0.060468
1.520036, 0.076715, 0.061637
1.531339, 0.078033, 0.062704
1.542653, 0.079236, 0.063677
1.553977, 0.080340, 0.064569
1.565311, 0.081367, 0.065396
1.576655, 0.082341, 0.066179
1.588008, 0.083290, 0.066938
1.599372, 0.084241, 0.067696
1.610746, 0.085221, 0.068475
1.622130, 0.086256, 0.069294
1.633524, 0.087368, 0.070173
1.644928, 0.088576, 0.071126
1.656342, 0.089895, 0.072167
1.667767, 0.091335, 0.073304
1.679201, 0.092903, 0.074543
1.690646, 0.094602, 0.075886
1.702100, 0.096428, 0.077333
1.713565, 0.098377, 0.078879
1.725040, 0.100440, 0.080518
1.736525, 0.102607, 0.082243
1.748021, 0.104869, 0.084046
1.759526, 0.107214, 0.085919
1.771042, 0.109633, 0.087855
1.782568, 0.112118, 0.089848
1.794105, 0.114661, 0.091892
1.805651, 0.117255, 0.093982
1.817208, 0.119891, 0.096112
1.828776, 0.122560, 0.098275
1.840353, 0.125245, 0.100458
1.851941, 0.127924, 0.102646
1.863539, 0.130569, 0.104816
1.875148, 0.133145, 0.106942
1.886767, 0.135612, 0.108991
1.898396, 0.137926, 0.110928
1.910036, 0.140044, 0.112718
1.921686, 0.141929, 0.114330
1.933346, 0.143554, 0.115738
1.945017, 0.144902, 0.116927
1.956699, 0.145976, 0.117897
1.968391, 0.146796, 0.118658
1.980093, 0.147395, 0.119235
1.991806, 0.147823, 0.119667
2.003529, 0.148139, 0.119997
2.015263, 0.148406, 0.120278
2.027008, 0.148689, 0.120560
2.038763, 0.149046, 0.120892
2.050528, 0.149530, 0.121319
2.062305, 0.150183, 0.121877
2.074091, 0.151035, 0.122591
2.085889, 0.152103, 0.123480
2.097697, 0.153393, 0.124550
2.109515, 0.154896, 0.125796
2.121344, 0.156591, 0.127206
2.133184, 0.158448, 0.128757
2.145035, 0.160423, 0.130417
2.156896, 0.162463, 0.132145
2.168768, 0.164509, 0.133894
2.180651, 0.166492, 0.135609
2.192545, 0.168342, 0.137235
2.204449, 0.169987, 0.138710
2.216364, 0.171358, 0.139978
2.228289, 0.172398, 0.140986
2.240226, 0.173061, 0.141693
2.252173, 0.173319, 0.142072
2.264132, 0.173166, 0.142110
2.276101, 0.172621, 0.141817
2.288081, 0.171724, 0.141220
2.300071, 0.170533, 0.140363
2.312073, 0.169124, 0.139304
2.324086, 0.167581, 0.138111
2.336109, 0.165990, 0.136856
2.348143, 0.164438, 0.135609
2.360189, 0.163003, 0.134438
2.372245, 0.161753, 0.133401
2.384312, 0.160746, 0.132549
2.396391, 0.160026, 0.131922
2.408480, 0.159625, 0.131547
2.420580, 0.159562, 0.131445
2.432691, 0.159846, 0.131627
2.444814, 0.160478, 0.132093
2.456947, 0.161448, 0.132840
2.469092, 0.162740, 0.133856
2.481247, 0.164329, 0.135124
2.493414, 0.166188, 0.136624
2.505592, 0.168280, 0.138327
2.517781, 0.170563, 0.140203
2.529981, 0.172992, 0.142216
2.542192, 0.175514, 0.144326
2.554415, 0.178074, 0.146489
2.566649, 0.180610, 0.148659
2.578894, 0.183061, 0.150784
2.591150, 0.185359, 0.152811
2.603417, 0.187433, 0.154683
2.615696, 0.189212, 0.156340
2.627986, 0.190622, 0.157719
2.640287, 0.191595, 0.158760
2.652600, 0.192066, 0.159405
2.664923, 0.191988, 0.159607
2.677259, 0.191328, 0.159330
2.689605, 0.190082, 0.158561
2.701963, 0.188269, 0.157307
2.714332, 0.185939, 0.155598
2.726713, 0.183162, 0.153487
2.739105, 0.180030, 0.151044
2.751509, 0.176645, 0.148352
2.763924, 0.173113, 0.145499
2.776351, 0.169538, 0.142573
2.788789, 0.166015, 0.139657
2.801238, 0.162628, 0.136825
2.813699, 0.159447, 0.134139
2.826172, 0.156528, 0.131651
2.838656, 0.153911, 0.129398
2.851151, 0.151621, 0.127407
2.863659, 0.149672, 0.125692
2.876177, 0.148066, 0.124257
2.888708, 0.146794, 0.123097
2.901250, 0.145837, 0.122200
2.913804, 0.145172, 0.121546
2.926369, 0.144768, 0.121112
2.938946, 0.144594, 0.120871
2.951535, 0.144617, 0.120798
2.964135, 0.144806, 0.120866
2.976747, 0.145136, 0.121056
2.989371, 0.145587, 0.121349
3.002007, 0.146144, 0.121734
3.014654, 0.146800, 0.122206
3.027314, 0.147553, 0.122761
3.039985, 0.148403, 0.123400
3.052668, 0.149350, 0.124123
3.065362, 0.150391, 0.124930
3.078069, 0.151521, 0.125815
3.090787, 0.152727, 0.126768
3.103518, 0.153988, 0.127774
3.116260, 0.155280, 0.128811
3.129014, 0.156574, 0.129857
3.141780, 0.157842, 0.130887
3.154558, 0.159058, 0.131881
3.167348, 0.160203, 0.132820
3.180150, 0.161266, 0.133696
3.192965, 0.162248, 0.134508
3.205791, 0.163155, 0.135260
3.218629, 0.164002, 0.135964
3.231479, 0.164806, 0.136633
3.244341, 0.165584, 0.137283
3.257215, 0.166350, 0.137925
3.270102, 0.167114, 0.138566
3.283001, 0.167879, 0.139211
3.295911, 0.168646, 0.139860
3.308834, 0.169410, 0.140509
3.321769, 0.170167, 0.141153
3.334716, 0.170911, 0.141788
3.347676, 0.171638, 0.142408
3.360648, 0.172342, 0.143010
3.373632, 0.173020, 0.143591
3.386628, 0.173669, 0.144146
3.399636, 0.174283, 0.144672
3.412657, 0.174858, 0.145165
3.425690, 0.175388, 0.145621
3.438736, 0.175871, 0.146037
3.451793, 0.176303, 0.146411
3.464864, 0.176686, 0.146744
3.477946, 0.177023, 0.147038
3.491041, 0.177323, 0.147300
3.504149, 0.177597, 0.147539
3.517268, 0.177858, 0.147765
3.530401, 0.178121, 0.147991
3.543545, 0.178398, 0.148228
3.556703, 0.178701, 0.148486
3.569872, 0.179037, 0.148771
3.583055, 0.179407, 0.149085
3.596250, 0.179807, 0.149424
3.609457, 0.180226, 0.149783
3.622677, 0.180652, 0.150150
3.635910, 0.181071, 0.150513
3.649155, 0.181473, 0.150864
3.662413, 0.181855, 0.151198
3.675683, 0.182222, 0.151517
3.688966, 0.182587, 0.151833
3.702262, 0.182973, 0.152163
3.715571, 0.183408, 0.152527
3.728892, 0.183916, 0.152949
3.742226, 0.184523, 0.153448
3.755573, 0.185245, 0.154040
3.768933, 0.186087, 0.154732
3.782305, 0.187044, 0.155520
3.795690, 0.188095, 0.156391
3.809088, 0.189209, 0.157322
3.822499, 0.190343, 0.158278
3.835923, 0.191446, 0.159219
3.849360, 0.192464, 0.160099
3.862809, 0.193345, 0.160875
3.876272, 0.194047, 0.161509
3.889747, 0.194540, 0.161975
3.903236, 0.194813, 0.162258
3.916737, 0.194874, 0.162362
3.930252, 0.194744, 0.162303
3.943779, 0.194455, 0.162104
3.957320, 0.194042, 0.161794
3.970873, 0.193536, 0.161400
3.984440, 0.192958, 0.160940
3.998020, 0.192314, 0.160420
4.011613, 0.191599, 0.159838
4.025219, 0.190793, 0.159178
4.038838, 0.189871, 0.158419
4.052470, 0.188804, 0.157539
4.066116, 0.187570, 0.156517
4.079774, 0.186156, 0.155343
4.093446, 0.184562, 0.154013
4.107132, 0.182802, 0.152538
4.120830, 0.180901, 0.150940
4.134542, 0.178895, 0.149245
4.148267, 0.176825, 0.147487
4.162005, 0.174734, 0.145703
4.175757, 0.172664, 0.143928
4.189522, 0.170655, 0.142194
4.203301, 0.168741, 0.140530
4.217093, 0.166952, 0.138961
4.230898, 0.165310, 0.137507
4.244717, 0.163831, 0.136180
4.258550, 0.162523, 0.134989
4.272395, 0.161394, 0.133938
4.286255, 0.160444, 0.133030
4.300127, 0.159674, 0.132265
4.314014, 0.159086, 0.131645
4.327914, 0.158684, 0.131173
4.341827, 0.158474, 0.130854
4.355754, 0.158462, 0.130694
4.369695, 0.158658, 0.130700
4.383650, 0.159068, 0.130880
4.397618, 0.159698, 0.131237
4.411599, 0.160550, 0.131774
4.425595, 0.161626, 0.132492
4.439604, 0.162920, 0.133388
4.453627, 0.164427, 0.134456
4.467664, 0.166139, 0.135689
4.481714, 0.168046, 0.137081
4.495779, 0.170140, 0.138622
4.509857, 0.172412, 0.140306
4.523949, 0.174855, 0.142127
4.538054, 0.177464, 0.144078
4.552174, 0.180235, 0.146157
4.566308, 0.183166, 0.148361
4.580455, 0.186256, 0.150688
4.594617, 0.189504, 0.153138
4.608792, 0.192908, 0.155708
4.622982, 0.196462, 0.158394
4.637185, 0.200158, 0.161186
4.651403, 0.203980, 0.164075
4.665635, 0.207912, 0.167045
4.679880, 0.211930, 0.170080
4.694140, 0.216013, 0.173160
4.708414, 0.220139, 0.176268
4.722702, 0.224291, 0.179392
4.737004, 0.228459, 0.182523
4.751320, 0.232638, 0.185657
4.765651, 0.236832, 0.188797
4.779996, 0.241051, 0.191952
4.794355, 0.245309, 0.195131
4.808728, 0.249622, 0.198348
4.823116, 0.254008, 0.201615
4.837517, 0.258484, 0.204947
4.851934, 0.263074, 0.208359
4.866364, 0.267801, 0.211870
4.880809, 0.272698, 0.215504
4.895268, 0.277801, 0.219289
4.909742, 0.283159, 0.223261
4.924230, 0.288824, 0.227461
4.938733, 0.294854, 0.231937
4.953250, 0.301309, 0.236736
4.967782, 0.308243, 0.241904
4.982328, 0.315697, 0.247479
4.996889, 0.323698, 0.253488
5.011464, 0.332241, 0.259935
5.026054, 0.341289, 0.266802
5.040658, 0.350761, 0.274037
5.055277, 0.360528, 0.281550
5.069911, 0.370415, 0.289216
5.084559, 0.380208, 0.296877
5.099222, 0.389673, 0.304351
5.113900, 0.398576, 0.311453
5.128593, 0.406716, 0.318015
5.143300, 0.413952, 0.323908
5.158022, 0.420220, 0.329058
5.172759, 0.425546, 0.333460
5.187511, 0.430040, 0.337172
5.202277, 0.433875, 0.340312
5.217059, 0.437272, 0.343035
5.231855, 0.440472, 0.345522
5.246667, 0.443720, 0.347961
5.261493, 0.447244, 0.350536
5.276334, 0.451251, 0.353414
5.291190, 0.455911, 0.356740
5.306062, 0.461353, 0.360629
5.320948, 0.467662, 0.365159
5.335849, 0.474875, 0.370376
5.350766, 0.482981, 0.376285
5.365697, 0.491931, 0.382862
5.380644, 0.501640, 0.390051
5.395605, 0.511998, 0.397777
5.410582, 0.522883, 0.405953
5.425575, 0.534172, 0.414489
5.440582, 0.545753, 0.423303
5.455604, 0.557532, 0.432324
5.470642, 0.569435, 0.441498
5.485696, 0.581401, 0.450782
5.500764, 0.593377, 0.460140
5.515848, 0.605300, 0.469528
5.530947, 0.617087, 0.478886
5.546062, 0.628635, 0.488134
5.561191, 0.639819, 0.497175
5.576337, 0.650513, 0.505897
5.591498, 0.660606, 0.514199
5.606674, 0.670030, 0.522001
5.621866, 0.678777, 0.529267
5.637073, 0.686910, 0.536015
5.652296, 0.694567, 0.542325
5.667534, 0.701943, 0.548328
5.682789, 0.709275, 0.554193
5.698058, 0.716808, 0.560112
5.713343, 0.724776, 0.566275
5.728644, 0.733375, 0.572851
5.743961, 0.742747, 0.579976
5.759294, 0.752979, 0.587744
5.774642, 0.764096, 0.596206
5.790006, 0.776081, 0.605372
5.805385, 0.788882, 0.615228
5.820781, 0.802440, 0.625742
5.836192, 0.816705, 0.636888
5.851619, 0.831656, 0.648659
5.867062, 0.847302, 0.661069
5.882521, 0.863672, 0.674155
5.897996, 0.880789, 0.687956
5.913487, 0.898638, 0.702491
5.928994, 0.917134, 0.717732
5.944517, 0.936107, 0.733588
5.960056, 0.955307, 0.749899
5.975611, 0.974436, 0.766452
5.991182, 0.993196, 0.783016
6.006769, 1.011350, 0.799382
6.022372, 1.028777, 0.815414
6.037992, 1.045495, 0.831077
6.053627, 1.061664, 0.846453
6.069279, 1.077544, 0.861727
6.084947, 1.093444, 0.877155
6.100632, 1.109647, 0.893013
6.116332, 1.126333, 0.909537
6.132049, 1.143513, 0.926866
6.147782, 1.160981, 0.944984
6.163532, 1.178297, 0.963685
6.179298, 1.194811, 0.982562
6.195081, 1.209734, 1.001034
6.210879, 1.222253, 1.018404
6.226695, 1.231657, 1.033951
6.242527, 1.237453, 1.047035
6.258375, 1.239446, 1.057188
6.274240, 1.237753, 1.064177
6.290121, 1.232763, 1.068015
6.306019, 1.225067, 1.068944
6.321934, 1.215369, 1.067377
6.337865, 1.204409, 1.063844
6.353813, 1.192918, 1.058933
6.369778, 1.181582, 1.053258
6.385759, 1.171033, 1.047427
6.401758, 1.161844, 1.042031
6.417773, 1.154519, 1.037626
6.433804, 1.149489, 1.034724
6.449853, 1.147105, 1.033778
6.465918, 1.147628, 1.035176
6.482001, 1.151224, 1.039236
6.498100, 1.157962, 1.046203
6.514216, 1.167806, 1.056244
6.530349, 1.180595, 1.069448
6.546499, 1.196020, 1.085796
6.562666, 1.213574, 1.105135
6.578850, 1.232514, 1.127121
6.595052, 1.251821, 1.151174
6.611270, 1.270210, 1.176434
6.627505, 1.286175, 1.201746
6.643758, 1.298097, 1.225687
6.660028, 1.304403, 1.246638
6.676315, 1.303744, 1.262899
6.692619, 1.295172, 1.272852
6.708940, 1.278289, 1.275151
6.725279, 1.253313, 1.268912
6.741635, 1.221067, 1.253858
6.758009, 1.182881, 1.230394
6.774399, 1.140415, 1.199569
6.790808, 1.095473, 1.162940
6.807233, 1.049810, 1.122365
6.823676, 1.004990, 1.079780
6.840137, 0.962303, 1.037000
6.856615, 0.922722, 0.995581
6.873111, 0.886916, 0.956746
6.889624, 0.855277, 0.921373
6.906154, 0.827958, 0.890007
6.922703, 0.804916, 0.862910
6.939269, 0.785946, 0.840098
6.955853, 0.770711, 0.821391
6.972454, 0.758764, 0.806452
6.989073, 0.749575, 0.794819
7.005710, 0.742547, 0.785934
7.022365, 0.737045, 0.779174
7.039037, 0.732419, 0.773876
7.055728, 0.728039, 0.769369
7.072436, 0.723325, 0.765005
7.089162, 0.717783, 0.760196
7.105906, 0.711029, 0.754444
7.122668, 0.702807, 0.747366
7.139448, 0.692986, 0.738702
7.156246, 0.681550, 0.728314
7.173062, 0.668577, 0.716174
7.189897, 0.654215, 0.702347
7.206749, 0.638665, 0.686975
7.223619, 0.622169, 0.670269
7.240508, 0.604997, 0.652499
7.257415, 0.587441, 0.633979
7.274340, 0.569797, 0.615053
7.291283, 0.552349, 0.596068
7.308245, 0.535347, 0.577346
7.325225, 0.518988, 0.559157
7.342223, 0.503408, 0.541699
7.359239, 0.488679, 0.525101
7.376274, 0.474821, 0.509421
7.393328, 0.461817, 0.494668
7.410400, 0.449630, 0.480820
7.427490, 0.438215, 0.467839
7.444599, 0.427533, 0.455684
7.461727, 0.417551, 0.444324
7.478873, 0.408247, 0.433733
7.496037, 0.399602, 0.423892
7.513221, 0.391586, 0.414774
7.530423, 0.384147, 0.406328
7.547643, 0.377203, 0.398473
7.564883, 0.370641, 0.391092
7.582141, 0.364324, 0.384041
7.599418, 0.358109, 0.377165
7.616714, 0.351864, 0.370313
7.634029, 0.345486, 0.363359
7.651362, 0.338909, 0.356216
7.668715, 0.332121, 0.348848
7.686086, 0.325162, 0.341280
7.703477, 0.318127, 0.333596
7.720886, 0.311149, 0.325928
7.738314, 0.304381, 0.318438
7.755762, 0.297969, 0.311287
7.773229, 0.292025, 0.304605
7.790715, 0.286598, 0.298463
7.808220, 0.281667, 0.292856
7.825744, 0.277134, 0.287698
7.843287, 0.272837, 0.282835
7.860850, 0.268576, 0.278065
7.878432, 0.264145, 0.273171
7.896033, 0.259369, 0.267965
7.913654, 0.254137, 0.262320
7.931294, 0.248421, 0.256190
7.948953, 0.242276, 0.249618
7.966632, 0.235827, 0.242721
7.984331, 0.229234, 0.235660
8.002049, 0.222672, 0.228613
8.019786, 0.216293, 0.221744
8.037543, 0.210220, 0.215181
8.055320, 0.204533, 0.209013
8.073117, 0.199272, 0.203288
8.090933, 0.194447, 0.198022
8.108768, 0.190045, 0.193202
8.126624, 0.186034, 0.188801
8.144499, 0.182370, 0.184773
8.162394, 0.178988, 0.181057
8.180309, 0.175812, 0.177575
8.198244, 0.172753, 0.174237
8.216199, 0.169723, 0.170954
8.234174, 0.166649, 0.167649
8.252168, 0.163486, 0.164274
8.270183, 0.160229, 0.160819
8.288218, 0.156910, 0.157312
8.306273, 0.153593, 0.153816
8.324348, 0.150361, 0.150411
8.342443, 0.147303, 0.147185
8.360558, 0.144499, 0.144217
8.378694, 0.142006, 0.141565
8.396849, 0.139858, 0.139263
8.415025, 0.138058, 0.137314
8.433222, 0.136581, 0.135694
8.451438, 0.135373, 0.134351
8.469676, 0.134367, 0.133218
8.487933, 0.133482, 0.132215
8.506211, 0.132632, 0.131260
8.524509, 0.131738, 0.130271
8.542828, 0.130723, 0.129173
8.561168, 0.129517, 0.127897
8.579528, 0.128062, 0.126385
8.597909, 0.126314, 0.124588
8.616310, 0.124248, 0.122481
8.634732, 0.121869, 0.120063
8.653175, 0.119207, 0.117365
8.671639, 0.116319, 0.114439
8.690123, 0.113275, 0.111353
8.708629, 0.110141, 0.108175
8.727155, 0.106977, 0.104964
8.745702, 0.103825, 0.101764
8.764270, 0.100718, 0.098607
8.782859, 0.097681, 0.095518
8.801469, 0.094740, 0.092522
8.820100, 0.091925, 0.089648
8.838752, 0.089267, 0.086926
8.857425, 0.086798, 0.084388
8.876119, 0.084545, 0.082060
8.894835, 0.082528, 0.079961
8.913572, 0.080755, 0.078101
8.932330, 0.079226, 0.076481
8.951109, 0.077932, 0.075093
8.969910, 0.076856, 0.073921
8.988732, 0.075974, 0.072944
9.007575, 0.075259, 0.072136
9.026440, 0.074684, 0.071470
9.045327, 0.074220, 0.070920
9.064235, 0.073843, 0.070460
9.083164, 0.073529, 0.070068
9.102115, 0.073264, 0.069729
9.121088, 0.073038, 0.069433
9.140082, 0.072849, 0.069176
9.159098, 0.072700, 0.068962
9.178136, 0.072591, 0.068790
9.197196, 0.072515, 0.068656
9.216277, 0.072451, 0.068540
9.235380, 0.072360, 0.068408
9.254506, 0.072188, 0.068209
9.273653, 0.071876, 0.067887
9.292822, 0.071369, 0.067388
9.312013, 0.070626, 0.066674
9.331226, 0.069636, 0.065728
9.350461, 0.068414, 0.064564
9.369719, 0.066999, 0.063215
9.388998, 0.065450, 0.061732
9.408300, 0.063826, 0.060174
9.427624, 0.062189, 0.058596
9.446970, 0.060592, 0.057049
9.466338, 0.059077, 0.055574
9.485729, 0.057677, 0.054202
9.505142, 0.056413, 0.052955
9.524578, 0.055297, 0.051842
9.544036, 0.054327, 0.050865
9.563517, 0.053497, 0.050017
9.583020, 0.052792, 0.049283
9.602546, 0.052192, 0.048646
9.622094, 0.051676, 0.048084
9.641665, 0.051220, 0.047577
9.661259, 0.050801, 0.047103
9.680875, 0.050396, 0.046642
9.700515, 0.049991, 0.046182
9.720177, 0.049576, 0.045715
9.739862, 0.049153, 0.045243
9.759570, 0.048733, 0.044776
9.779300, 0.048331, 0.044330
9.799054, 0.047968, 0.043921
9.818831, 0.047657, 0.043564
9.838631, 0.047406, 0.043266
9.858454, 0.047214, 0.043025
9.878300, 0.047069, 0.042831
9.898169, 0.046951, 0.042666
9.918061, 0.046837, 0.042509
9.937977, 0.046706, 0.042340
9.957916, 0.046541, 0.042144
9.977879, 0.046334, 0.041912
9.997865, 0.046082, 0.041642
10.017874, 0.045791, 0.041337
10.037906, 0.045468, 0.041003
10.057963, 0.045119, 0.040646
10.078042, 0.044748, 0.040271
10.098146, 0.044359, 0.039879
10.118273, 0.043950, 0.039471
10.138423, 0.043521, 0.039046
10.158598, 0.043074, 0.038604
10.178796, 0.042610, 0.038149
10.199018, 0.042137, 0.037686
10.219264, 0.041664, 0.037223
10.239533, 0.041204, 0.036772
10.259827, 0.040770, 0.036346
10.280144, 0.040378, 0.035958
10.300486, 0.040040, 0.035619
10.320852, 0.039767, 0.035339
10.341241, 0.039563, 0.035124
10.361655, 0.039431, 0.034975
10.382093, 0.039371, 0.034890
10.402555, 0.039375, 0.034866
10.423042, 0.039435, 0.034893
10.443553, 0.039541, 0.034961
10.464088, 0.039680, 0.035060
10.484648, 0.039843, 0.035178
10.505232, 0.040017, 0.035305
10.525840, 0.040198, 0.035434
10.546473, 0.040380, 0.035560
10.567131, 0.040564, 0.035682
10.587813, 0.040750, 0.035801
10.608520, 0.040939, 0.035918
10.629252, 0.041134, 0.036035
10.650008, 0.041333, 0.036151
10.670789, 0.041538, 0.036267
10.691595, 0.041749, 0.036385
10.712426, 0.041969, 0.036507
10.733282, 0.042204, 0.036641
10.754163, 0.042461, 0.036794
10.775069, 0.042747, 0.036972
10.796000, 0.043067, 0.037181
10.816956, 0.043422, 0.037423
10.837937, 0.043812, 0.037698
10.858943, 0.044237, 0.038006
10.879975, 0.044698, 0.038349
10.901032, 0.045198, 0.038729
10.922114, 0.045744, 0.039153
10.943222, 0.046345, 0.039628
10.964355, 0.047010, 0.040164
10.985513, 0.047748, 0.040769
11.006697, 0.048571, 0.041453
11.027907, 0.049487, 0.042221
11.049142, 0.050506, 0.043081
11.070403, 0.051633, 0.044038
11.091689, 0.052877, 0.045095
11.113002, 0.054240, 0.046252
11.134340, 0.055719, 0.047507
11.155704, 0.057305, 0.048847
11.177094, 0.058974, 0.050252
11.198510, 0.060695, 0.051694
11.219951, 0.062431, 0.053139
11.241419, 0.064144, 0.054552
11.262913, 0.065806, 0.055908
11.284433, 0.067408, 0.057197
11.305979, 0.068959, 0.058422
11.327552, 0.070484, 0.059604
11.349150, 0.072015, 0.060768
11.370775, 0.073584, 0.061942
11.392427, 0.075214, 0.063144
11.414105, 0.076923, 0.064391
11.435809, 0.078725, 0.065694
11.457540, 0.080637, 0.067068
11.479297, 0.082683, 0.068531
11.501081, 0.084888, 0.070107
11.522892, 0.087279, 0.071817
11.544729, 0.089875, 0.073680
11.566593, 0.092682, 0.075704
11.588484, 0.095691, 0.077883
11.610402, 0.098878, 0.080204
11.632346, 0.102213, 0.082644
11.654318, 0.105661, 0.085176
11.676317, 0.109184, 0.087772
11.698342, 0.112742, 0.090401
11.720395, 0.116291, 0.093028
11.742475, 0.119790, 0.095622
11.764582, 0.123202, 0.098156
11.786717, 0.126504, 0.100615
11.808878, 0.129696, 0.103001
11.831067, 0.132803, 0.105337
11.853284, 0.135875, 0.107661
11.875528, 0.138976, 0.110022
11.897799, 0.142172, 0.112466
11.920098, 0.145503, 0.115019
11.942425, 0.148969, 0.117677
11.964779, 0.152525, 0.120404
11.987161, 0.156090, 0.123135
12.009571, 0.159562, 0.125797
12.032008, 0.162856, 0.128324
12.054474, 0.165915, 0.130674
12.076967, 0.168727, 0.132837
12.099488, 0.171312, 0.134828
12.122038, 0.173711, 0.136676
12.144615, 0.175962, 0.138407
12.167221, 0.178087, 0.140038
12.189854, 0.180086, 0.141570
12.212516, 0.181938, 0.142989
12.235207, 0.183606, 0.144272
12.257925, 0.185047, 0.145393
12.280672, 0.186227, 0.146335
12.303448, 0.187126, 0.147089
12.326252, 0.187745, 0.147658
12.349084, 0.188104, 0.148054
12.371945, 0.188245, 0.148302
12.394835, 0.188229, 0.148437
12.417754, 0.188137, 0.148505
12.440701, 0.188064, 0.148568
12.463677, 0.188113, 0.148692
12.486682, 0.188384, 0.148951
12.509716, 0.188963, 0.149409
12.532779, 0.189916, 0.150120
12.555871, 0.191285, 0.151121
12.578992, 0.193083, 0.152435
12.602142, 0.195294, 0.154065
12.625321, 0.197870, 0.155993
12.648530, 0.200722, 0.158171
12.671768, 0.203725, 0.160523
12.695035, 0.206726, 0.162943
12.718332, 0.209566, 0.165310
12.741658, 0.212113, 0.167517
12.765014, 0.214281, 0.169484
12.788399, 0.216042, 0.171179
12.811814, 0.217418, 0.172610
12.835259, 0.218465, 0.173816
12.858734, 0.219250, 0.174846
12.882238, 0.219823, 0.175740
12.905772, 0.220212, 0.176513
12.929336, 0.220416, 0.177154
12.952931, 0.220411, 0.177632
12.976555, 0.220174, 0.177915
13.000209, 0.219692, 0.177980
13.023894, 0.218983, 0.177833
13.047608, 0.218093, 0.177508
13.071353, 0.217094, 0.177068
13.095129, 0.216077, 0.176594
13.118935, 0.215147, 0.176176
13.142771, 0.214419, 0.175907
13.166637, 0.214008, 0.175877
13.190535, 0.214013, 0.176161
13.214463, 0.214502, 0.176803
13.238421, 0.215497, 0.177817
13.262411, 0.216969, 0.179176
13.286431, 0.218840, 0.180821
13.310482, 0.220980, 0.182656
13.334564, 0.223218, 0.184563
13.358677, 0.225362, 0.186408
13.382821, 0.227235, 0.188072
13.406996, 0.228707, 0.189467
13.431202, 0.229723, 0.190560
13.455440, 0.230299, 0.191363
13.479709, 0.230511, 0.191926
13.504009, 0.230466, 0.192313
13.528340, 0.230260, 0.192580
13.552703, 0.229959, 0.192756
13.577098, 0.229591, 0.192845
13.601524, 0.229165, 0.192844
13.625982, 0.228710, 0.192767
13.650471, 0.228292, 0.192668
13.674993, 0.228015, 0.192634
13.699546, 0.227991, 0.192772
13.724131, 0.228300, 0.193168
13.748748, 0.228963, 0.193875
13.773397, 0.229940, 0.194889
13.798078, 0.231140, 0.196162
13.822792, 0.232448, 0.197612
13.847537, 0.233746, 0.199145
13.872315, 0.234937, 0.200668
13.897125, 0.235940, 0.202100
13.921968, 0.236702, 0.203378
13.946843, 0.237191, 0.204457
13.971750, 0.237407, 0.205320
13.996690, 0.237390, 0.205986
14.021663, 0.237223, 0.206510
14.046669, 0.237021, 0.206976
14.071707, 0.236902, 0.207477
14.096778, 0.236958, 0.208084
14.121882, 0.237245, 0.208839
14.147020, 0.237774, 0.209753
14.172190, 0.238536, 0.210814
14.197393, 0.239517, 0.212010
14.222629, 0.240717, 0.213335
14.247899, 0.242155, 0.214792
14.273202, 0.243858, 0.216390
14.298538, 0.245842, 0.218128
14.323908, 0.248104, 0.219997
14.349311, 0.250611, 0.221977
14.374748, 0.253302, 0.224037
14.400219, 0.256092, 0.226136
14.425723, 0.258880, 0.228225
14.451261, 0.261581, 0.230259
14.476833, 0.264149, 0.232213
14.502439, 0.266596, 0.234095
14.528079, 0.268983, 0.235936
14.553752, 0.271396, 0.237785
14.579460, 0.273926, 0.239694
14.605202, 0.276659, 0.241713
14.630979, 0.279685, 0.243898
14.656789, 0.283112, 0.246326
14.682634, 0.287061, 0.249090
14.708514, 0.291659, 0.252302
14.734428, 0.297009, 0.256057
14.760376, 0.303151, 0.260409
14.786360, 0.310051, 0.265347
14.812378, 0.317612, 0.270797
14.838431, 0.325718, 0.276657
14.864518, 0.334273, 0.282831
14.890641, 0.343214, 0.289245
14.916799, 0.352482, 0.295842
14.942991, 0.361995, 0.302562
14.969219, 0.371619, 0.309327
14.995482, 0.381167, 0.316033
15.021781, 0.390405, 0.322550
15.048114, 0.399090, 0.328738
15.074484, 0.407010, 0.334469
15.100888, 0.414038, 0.339656
15.127329, 0.420158, 0.344270
15.153804, 0.425448, 0.348335
15.180316, 0.430025, 0.351901
15.206864, 0.433980, 0.355011
15.233447, 0.437382, 0.357701
15.260066, 0.440337, 0.360045
15.286721, 0.443056, 0.362199
15.313413, 0.445880, 0.364414
15.340140, 0.449223, 0.366990
15.366904, 0.453472, 0.370201
15.393704, 0.458891, 0.374221
15.420541, 0.465556, 0.379084
15.447414, 0.473345, 0.384676
15.474323, 0.481955, 0.390764
15.501269, 0.490977, 0.397047
15.528252, 0.499982, 0.403229
15.555271, 0.508614, 0.409086
15.582328, 0.516660, 0.414510
15.609421, 0.524056, 0.419498
15.636551, 0.530844, 0.424111
15.663718, 0.537117, 0.428411
15.690923, 0.543026, 0.432460
15.718164, 0.548850, 0.436372
15.745443, 0.555049, 0.440383
15.772760, 0.562227, 0.444850
15.800113, 0.570987, 0.450168
15.827504, 0.581764, 0.456665
15.854933, 0.594706, 0.464509
15.882400, 0.609641, 0.473681
15.909904, 0.626137, 0.483993
15.937446, 0.643608, 0.495138
15.965026, 0.661436, 0.506748
15.992644, 0.679078, 0.518457
16.020300, 0.696103, 0.529939
16.047994, 0.712178, 0.540913
16.075727, 0.727037, 0.551127
16.103497, 0.740484, 0.560371
16.131306, 0.752395, 0.568496
16.159154, 0.762688, 0.575401
16.187040, 0.771296, 0.581024
16.214964, 0.778215, 0.585368
16.242928, 0.783561, 0.588560
16.270930, 0.787549, 0.590845
16.298971, 0.790353, 0.592478
16.327051, 0.791973, 0.593586
16.355170, 0.792244, 0.594107
16.383328, 0.790986, 0.593883
16.411525, 0.788162, 0.592802
16.439762, 0.783868, 0.590862
16.468038, 0.778145, 0.588075
16.496353, 0.770807, 0.584316
16.524708, 0.761480, 0.579295
16.553102, 0.749889, 0.572714
16.581536, 0.736223, 0.564535
16.610010, 0.721296, 0.555159
16.638524, 0.706380, 0.545384
16.667077, 0.692824, 0.536161
16.695671, 0.681761, 0.528356
16.724305, 0.674001, 0.522639
16.752978, 0.670058, 0.519469
16.781693, 0.670142, 0.519096
16.810447, 0.674099, 0.521503
16.839242, 0.681341, 0.526357
16.868078, 0.690855, 0.533005
16.896954, 0.701354, 0.540575
16.925870, 0.711561, 0.548168
16.954828, 0.720531, 0.555068
16.983826, 0.727889, 0.560903
17.012866, 0.733858, 0.565685
17.041946, 0.739105, 0.569728
17.071068, 0.744466, 0.573497
17.100231, 0.750647, 0.577435
17.129435, 0.757989, 0.581808
17.158680, 0.766333, 0.586598
17.187967, 0.775051, 0.591486
17.217295, 0.783250, 0.595934
17.246666, 0.790115, 0.599381
17.276078, 0.795249, 0.601477
17.305531, 0.798917, 0.602278
17.335027, 0.802104, 0.602346
17.364565, 0.806332, 0.602664
17.394144, 0.813237, 0.604371
17.423766, 0.823990, 0.608393
17.453430, 0.838865, 0.615129
17.483137, 0.857157, 0.624371
17.512886, 0.877532, 0.635476
17.542678, 0.898559, 0.647684
17.572512, 0.919080, 0.660359
17.602389, 0.938209, 0.673015
17.632309, 0.955150, 0.685188
17.662271, 0.969139, 0.696328
17.692277, 0.979658, 0.705864
17.722326, 0.986719, 0.713390
17.752418, 0.990942, 0.718864
17.782553, 0.993410, 0.722660
17.812732, 0.995470, 0.725493
17.842954, 0.998573, 0.728278
17.873220, 1.004092, 0.731969
17.903530, 1.013068, 0.737377
17.933883, 1.025964, 0.745032
17.964280, 1.042528, 0.755087
17.994721, 1.061847, 0.767322
18.025206, 1.082590, 0.781219
18.055735, 1.103315, 0.796074
18.086308, 1.122679, 0.811111
18.116926, 1.139495, 0.825559
18.147588, 1.152694, 0.838690
18.178295, 1.161295, 0.849804
18.209047, 1.164489, 0.858218
18.239843, 1.161889, 0.863327
18.270683, 1.153887, 0.864802
18.301569, 1.141770, 0.862818
18.332500, 1.127347, 0.858034
18.363476, 1.112307, 0.851306
18.394497, 1.097827, 0.843408
18.425564, 1.084638, 0.834980
18.456676, 1.073297, 0.826652
18.487833, 1.064393, 0.819125
18.519036, 1.058548, 0.813114
18.550285, 1.056318, 0.809254
18.581579, 1.058128, 0.808081
18.612920, 1.064244, 0.810070
18.644306, 1.074681, 0.815611
18.675739, 1.089016, 0.824851
18.707217, 1.106199, 0.837467
18.738743, 1.124521, 0.852494
18.770314, 1.141866, 0.868348
18.801932, 1.156163, 0.883109
18.833597, 1.165829, 0.894940
18.865308, 1.170153, 0.902532
18.897067, 1.169582, 0.905450
18.928872, 1.165737, 0.904276
18.960724, 1.161027, 0.900449
18.992623, 1.157896, 0.895811
19.024570, 1.157940, 0.891960
19.056564, 1.161254, 0.889632
19.088605, 1.166414, 0.888461
19.120694, 1.171251, 0.887314
19.152831, 1.174072, 0.885051
19.185015, 1.174510, 0.881193
19.217248, 1.173482, 0.876066
19.249528, 1.172551, 0.870491
19.281857, 1.173400, 0.865460
19.314233, 1.177725, 0.862050
19.346658, 1.187246, 0.861454
19.379132, 1.203505, 0.864862
19.411653, 1.227549, 0.873257
19.444224, 1.259740, 0.887270
19.476843, 1.299634, 0.907140
19.509511, 1.345723, 0.932612
19.542229, 1.395236, 0.962744
19.574995, 1.444452, 0.995847
19.607810, 1.489824, 1.029817
19.640675, 1.529382, 1.062892
19.673589, 1.563173, 1.094283
19.706553, 1.592112, 1.123963
19.739566, 1.616385, 1.151776
19.772629, 1.635129, 1.176878
19.805742, 1.647574, 1.198141
19.838905, 1.654299, 1.215063
19.872118, 1.657371, 1.228320
19.905381, 1.659320, 1.239478
19.938694, 1.661737, 1.250104
19.972058, 1.664405, 1.260867
20.005473, 1.665253, 1.271056
20.038938, 1.661158, 1.278699
20.072454, 1.649502, 1.281434
20.106020, 1.629876, 1.277874
20.139638, 1.604736, 1.268613
20.173307, 1.578421, 1.256111
20.207027, 1.555199, 1.243550
20.240799, 1.537579, 1.233429
20.274622, 1.525809, 1.226768
20.308496, 1.518676, 1.223317
20.342422, 1.514739, 1.222406
20.376400, 1.512795, 1.223544
20.410431, 1.511358, 1.226184
20.444513, 1.508199, 1.229205
20.478647, 1.500787, 1.230890
20.512833, 1.487313, 1.229444
20.547072, 1.467591, 1.223625
20.581364, 1.443392, 1.213241
20.615708, 1.417964, 1.199360
20.650105, 1.394878, 1.184090
20.684555, 1.376813, 1.169933
20.719058, 1.364772, 1.158944
20.753614, 1.357850, 1.152053
20.788224, 1.353524, 1.148794
20.822886, 1.348347, 1.147401
20.857603, 1.339014, 1.145219
20.892373, 1.323720, 1.139578
20.927196, 1.303155, 1.129012
20.962074, 1.280200, 1.114014
20.997006, 1.258476, 1.096698
21.031991, 1.240878, 1.079705
21.067031, 1.228832, 1.065106
21.102126, 1.222337, 1.053827
21.137275, 1.220608, 1.045757
21.172478, 1.222958, 1.040387
21.207737, 1.229432, 1.037557
21.243050, 1.240764, 1.037732
21.278419, 1.257742, 1.041610
21.313842, 1.280655, 1.049550
21.349321, 1.309377, 1.061485
21.384855, 1.343883, 1.077396
21.420445, 1.384440, 1.097795
21.456091, 1.430960, 1.123580
21.491792, 1.481961, 1.155241
21.527549, 1.534257, 1.192120
21.563363, 1.583878, 1.232467
21.599232, 1.627439, 1.274116
21.635158, 1.662921, 1.315103
21.671141, 1.689748, 1.353934
21.707180, 1.708570, 1.389711
21.743275, 1.720806, 1.422307
21.779428, 1.727773, 1.452351
21.815638, 1.729643, 1.480594
21.851904, 1.725049, 1.506835
21.888228, 1.711986, 1.529295
21.924610, 1.689547, 1.545172
21.961049, 1.659148, 1.552197
21.997546, 1.624306, 1.550139
22.034100, 1.589300, 1.541182
22.070713, 1.557444, 1.528851
22.107383, 1.529678, 1.516095
22.144112, 1.504242, 1.503803
22.180900, 1.477630, 1.490581
22.217745, 1.446250, 1.473575
22.254650, 1.408050, 1.449823
22.291613, 1.363490, 1.417741
22.328635, 1.315328, 1.378120
22.365717, 1.267275, 1.333877
22.402857, 1.222370, 1.288627
22.440057, 1.182152, 1.245163
22.477316, 1.146944, 1.204924
22.514635, 1.116779, 1.168544
22.552014, 1.092071, 1.136724
22.589453, 1.073515, 1.110501
22.626952, 1.061371, 1.090730
22.664511, 1.054787, 1.077324
22.702131, 1.051615, 1.068928
22.739810, 1.048883, 1.063239
22.777551, 1.043849, 1.057794
22.815353, 1.035160, 1.050883
22.853215, 1.023248, 1.042034
22.891139, 1.009467, 1.031597
22.929123, 0.994902, 1.019910
22.967170, 0.980042, 1.006960
23.005277, 0.965084, 0.992556
23.043447, 0.950153, 0.976506
23.081678, 0.935535, 0.958842
23.119971, 0.922075, 0.940252
23.158327, 0.911281, 0.922241
23.196745, 0.904964, 0.906734
23.235225, 0.904746, 0.895513
23.273768, 0.911490, 0.889682
23.312373, 0.924828, 0.889170
23.351042, 0.943387, 0.892736
23.389773, 0.965910, 0.898886
23.428568, 0.992402, 0.907183
23.467426, 1.024076, 0.918761
23.506348, 1.061998, 0.935562
23.545333, 1.105499, 0.958944
23.584383, 1.151463, 0.988640
23.623496, 1.195048, 1.022619
23.662673, 1.231352, 1.057783
23.701915, 1.256587, 1.090833
23.741221, 1.268502, 1.119001
23.780592, 1.266862, 1.140828
23.820028, 1.253315, 1.156463
23.859528, 1.230081, 1.166922
23.899094, 1.199035, 1.173287
23.938725, 1.161974, 1.176805
23.978421, 1.120973, 1.179201
24.018183, 1.078307, 1.182321
24.058011, 1.036039, 1.187200
24.097905, 0.995153, 1.193044
24.137865, 0.954971, 1.196797
24.177891, 0.914078, 1.194156
24.217983, 0.872079, 1.181882
24.258142, 0.830195, 1.159534
24.298368, 0.790385, 1.129315
24.338661, 0.754301, 1.094814
24.379021, 0.722758, 1.059591
24.419448, 0.695701, 1.026090
24.459943, 0.672606, 0.995478
24.500505, 0.652906, 0.968239
24.541134, 0.635947, 0.944413
24.581832, 0.620808, 0.923269
24.622598, 0.606563, 0.903315
24.663432, 0.592842, 0.883072
24.704335, 0.579985, 0.861934
24.745306, 0.568584, 0.840284
24.786346, 0.558958, 0.818931
24.827455, 0.551098, 0.798591
24.868633, 0.544980, 0.779840
24.909881, 0.540809, 0.763375
24.951198, 0.538756, 0.749920
24.992584, 0.538511, 0.739734
25.034041, 0.539454, 0.732550
25.075567, 0.541378, 0.728208
25.117164, 0.544794, 0.727098
25.158831, 0.550352, 0.729788
25.200568, 0.558196, 0.736443
25.242377, 0.567968, 0.746802
25.284256, 0.579088, 0.760454
25.326206, 0.590807, 0.776738
25.368228, 0.602175, 0.794370
25.410321, 0.612238, 0.811508
25.452485, 0.620157, 0.826288
25.494722, 0.625229, 0.837225
25.537030, 0.627177, 0.843365
25.579411, 0.626573, 0.844547
25.621864, 0.624934, 0.841834
25.664390, 0.624129, 0.837459
25.706988, 0.625243, 0.833776
25.749659, 0.627708, 0.831953
25.792403, 0.629372, 0.831303
25.835221, 0.627510, 0.829354
25.878112, 0.620599, 0.823129
25.921077, 0.609668, 0.811469
25.964116, 0.597565, 0.796105
26.007229, 0.586821, 0.780099
26.050416, 0.578288, 0.765495
26.093677, 0.571206, 0.752324
26.137013, 0.564168, 0.739371
26.180424, 0.556266, 0.725704
26.223910, 0.547596, 0.711485
26.267471, 0.538897, 0.697596
26.311108, 0.530864, 0.684903
26.354820, 0.523701, 0.673817
26.398608, 0.516980, 0.664081
26.442472, 0.509906, 0.654844
26.486413, 0.501913, 0.645217
26.530429, 0.493139, 0.634913
26.574522, 0.484416, 0.624467
26.618692, 0.476784, 0.614865
26.662940, 0.470850, 0.606826
26.707264, 0.466608, 0.600429
26.751665, 0.463942, 0.595588
26.796145, 0.463050, 0.592603
26.840702, 0.464126, 0.591848
26.885337, 0.466853, 0.593088
26.930050, 0.470587, 0.595557
26.974842, 0.475021, 0.598724
27.019712, 0.480314, 0.602616
27.064662, 0.486754, 0.607513
27.109690, 0.494673, 0.613802
27.154798, 0.504486, 0.622029
27.199985, 0.516484, 0.632725
27.245251, 0.530591, 0.646172
27.290598, 0.546218, 0.662241
27.336025, 0.561990, 0.680027
27.381532, 0.575600, 0.697516
27.427119, 0.584109, 0.711606
27.472788, 0.584765, 0.718543
27.518537, 0.576392, 0.715403
27.564367, 0.560358, 0.702068
27.610279, 0.539813, 0.681335
27.656272, 0.518041, 0.657041
27.702348, 0.497335, 0.632334
27.748505, 0.478558, 0.608875
27.794744, 0.461381, 0.586876
27.841067, 0.445041, 0.565795
27.887471, 0.429050, 0.545136
27.933959, 0.413538, 0.524986
27.980530, 0.399199, 0.506165
28.027184, 0.386770, 0.489760
28.073922, 0.376439, 0.476346
28.120743, 0.367797, 0.465653
28.167649, 0.360366, 0.456988
28.214639, 0.353888, 0.449726
28.261713, 0.348007, 0.443258
28.308872, 0.342050, 0.436803
28.356116, 0.335448, 0.429667
28.403446, 0.328170, 0.421623
28.450860, 0.320635, 0.412937
28.498361, 0.313301, 0.404077
28.545947, 0.306497, 0.395503
28.593619, 0.300647, 0.387744
28.641378, 0.296364, 0.381454
28.689223, 0.294075, 0.377100
28.737155, 0.293524, 0.374509
28.785174, 0.293713, 0.372770
28.833280, 0.293349, 0.370616
28.881474, 0.291456, 0.366953
28.929756, 0.287783, 0.361296
28.978126, 0.282878, 0.354010
29.026584, 0.277795, 0.346222
29.075130, 0.273502, 0.339245
29.123765, 0.270292, 0.333780
29.172489, 0.267671, 0.329545
29.221303, 0.264851, 0.325643
29.270206, 0.261402, 0.321319
29.319198, 0.257560, 0.316533
29.368281, 0.254011, 0.311968
29.417453, 0.251325, 0.308404
29.466717, 0.249619, 0.306142
29.516071, 0.248710, 0.305005
29.565515, 0.248329, 0.304617
29.615051, 0.248180, 0.304560
29.664679, 0.248034, 0.304496
29.714398, 0.247800, 0.304297
29.764209, 0.247282, 0.303813
29.814113, 0.246018, 0.302591
29.864109, 0.243587, 0.300122
29.914197, 0.239884, 0.296203
29.964379, 0.235079, 0.290942
30.014654, 0.229530, 0.284631
30.065022, 0.223655, 0.277630
30.115484, 0.217863, 0.270341
30.166041, 0.212555, 0.263236
30.216691, 0.208084, 0.256831
30.267436, 0.204703, 0.251594
30.318276, 0.202513, 0.247745
30.369211, 0.201436, 0.245154
30.420242, 0.201289, 0.243507
30.471368, 0.201893, 0.242551
30.522589, 0.203145, 0.242204
30.573908, 0.204934, 0.242448
30.625322, 0.207072, 0.243198
30.676833, 0.209315, 0.244247
30.728442, 0.211407, 0.245306
30.780147, 0.213222, 0.246239
30.831950, 0.214890, 0.247250
30.883851, 0.216702, 0.248705
30.935850, 0.218870, 0.250799
30.987947, 0.221312, 0.253363
31.040143, 0.223641, 0.255914
31.092438, 0.225413, 0.257935
31.144832, 0.226440, 0.259214
31.197326, 0.226845, 0.259911
31.249919, 0.226784, 0.260286
31.302613, 0.226244, 0.260397
31.355406, 0.225200, 0.260174
31.408301, 0.223769, 0.259587
31.461296, 0.222126, 0.258639
31.514393, 0.220383, 0.257359
31.567591, 0.218552, 0.255810
31.620891, 0.216576, 0.254019
31.674292, 0.214445, 0.251982
31.727797, 0.212233, 0.249726
31.781404, 0.209892, 0.247209
31.835114, 0.207168, 0.244250
31.888927, 0.203875, 0.240735
31.942844, 0.200143, 0.236829
31.996864, 0.196297, 0.232852
32.050989, 0.192594, 0.229016
32.105219, 0.189181, 0.225404
32.159553, 0.186205, 0.222122
32.213992, 0.183834, 0.219338
32.268536, 0.182202, 0.217218
32.323186, 0.181467, 0.215983
32.377943, 0.181721, 0.215825
32.432805, 0.182645, 0.216520
32.487774, 0.183525, 0.217360
32.542850, 0.183700, 0.217577
32.598033, 0.182947, 0.216805
32.653324, 0.181501, 0.215223
32.708723, 0.179708, 0.213282
32.764230, 0.177639, 0.211195
32.819845, 0.175171, 0.208831
32.875569, 0.172371, 0.206136
32.931403, 0.169598, 0.203400
32.987345, 0.167243, 0.201031
33.043398, 0.165465, 0.199222
33.099560, 0.164146, 0.197822
33.155833, 0.163087, 0.196556
33.212217, 0.162252, 0.195376
33.268712, 0.161724, 0.194444
33.325318, 0.161503, 0.193816
33.382036, 0.161574, 0.193457
33.438866, 0.161979, 0.193389
33.495809, 0.162577, 0.193525
33.552864, 0.163021, 0.193631
33.610032, 0.163071, 0.193517
33.667314, 0.162680, 0.193082
33.724710, 0.161805, 0.192151
33.782219, 0.160357, 0.190453
33.839843, 0.158415, 0.188000
33.897582, 0.156340, 0.185260
33.955435, 0.154552, 0.182804
34.013405, 0.153335, 0.180985
34.071490, 0.152752, 0.179898
34.129691, 0.152590, 0.179298
34.188009, 0.152550, 0.178736
34.246443, 0.152493, 0.177976
34.304995, 0.152440, 0.177124
34.363664, 0.152411, 0.176408
34.422451, 0.152254, 0.175866
34.481357, 0.151702, 0.175248
34.540381, 0.150477, 0.174099
34.599524, 0.148384, 0.172016
34.658786, 0.145503, 0.168975
34.718168, 0.142384, 0.165534
34.777670, 0.139729, 0.162527
34.837293, 0.137698, 0.160249
34.897036, 0.135917, 0.158321
34.956901, 0.134090, 0.156381
35.016887, 0.132281, 0.154477
35.076995, 0.130748, 0.152905
35.137225, 0.129633, 0.151836
35.197578, 0.128836, 0.151160
35.258054, 0.128097, 0.150615
35.318653, 0.127205, 0.149991
35.379376, 0.126144, 0.149273
35.440223, 0.125050, 0.148557
35.501195, 0.123986, 0.147777
35.562291, 0.122917, 0.146717
35.623513, 0.121947, 0.145409
35.684861, 0.121254, 0.144125
35.746334, 0.120738, 0.142890
35.807935, 0.120263, 0.141648
35.869661, 0.120073, 0.140739
35.931516, 0.120440, 0.140516
35.993498, 0.121200, 0.140829
36.055607, 0.121967, 0.141272
36.117846, 0.122530, 0.141617
36.180213, 0.122925, 0.141871
36.242709, 0.123179, 0.142048
36.305335, 0.123104, 0.141942
36.368091, 0.122589, 0.141381
36.430978, 0.121943, 0.140619
36.493995, 0.121650, 0.140157
36.557144, 0.121851, 0.140174
36.620424, 0.122281, 0.140447
36.683836, 0.122390, 0.140480
36.747381, 0.121615, 0.139713
36.811059, 0.119938, 0.138048
36.874870, 0.117858, 0.135923
36.938815, 0.115844, 0.133830
37.002894, 0.114061, 0.132026
37.067107, 0.112463, 0.130584
37.131456, 0.110878, 0.129354
37.195940, 0.108893, 0.127767
37.260560, 0.106154, 0.125249
37.325316, 0.102929, 0.121987
37.390209, 0.099862, 0.118743
37.455239, 0.097222, 0.115939
37.520407, 0.094853, 0.113487
37.585712, 0.092572, 0.111201
37.651157, 0.090270, 0.108922
37.716740, 0.087943, 0.106568
37.782462, 0.085730, 0.104180
37.848324, 0.083874, 0.101940
37.914327, 0.082597, 0.100138
37.980470, 0.081930, 0.098953
38.046754, 0.081633, 0.098216
38.113180, 0.081373, 0.097547
38.179748, 0.081064, 0.096814
38.246459, 0.080908, 0.096274
38.313313, 0.081097, 0.096199
38.380309, 0.081550, 0.096504
38.447450, 0.082135, 0.096964
38.514735, 0.082905, 0.097584
38.582165, 0.083861, 0.098431
38.649741, 0.084567, 0.099169
38.717462, 0.084405, 0.099156
38.785329, 0.083396, 0.098280
38.853343, 0.082097, 0.097065
38.921504, 0.080749, 0.095808
38.989813, 0.079209, 0.094353
39.058270, 0.077447, 0.092613
39.126876, 0.075696, 0.090857
39.195630, 0.074248, 0.089485
39.264535, 0.073072, 0.088507
39.333589, 0.071828, 0.087482
39.402794, 0.070452, 0.086225
39.472150, 0.069185, 0.084994
39.541658, 0.068044, 0.083894
39.611317, 0.066833, 0.082705
39.681129, 0.065561, 0.081335
39.751095, 0.064439, 0.080007
39.821214, 0.063617, 0.078991
39.891486, 0.063000, 0.078261
39.961914, 0.062306, 0.077441
40.032496, 0.061419, 0.076247
40.103235, 0.060489, 0.074793
40.174129, 0.059759, 0.073450
40.245180, 0.059274, 0.072404
40.316388, 0.058816, 0.071483
40.387754, 0.058263, 0.070566
40.459278, 0.057633, 0.069638
40.530960, 0.056933, 0.068665
40.602802, 0.056123, 0.067575
40.674804, 0.055056, 0.066169
40.746966, 0.053651, 0.064361
40.819289, 0.052141, 0.062463
40.891773, 0.050925, 0.060939
40.964420, 0.050269, 0.060058
41.037228, 0.050240, 0.059866
41.110200, 0.050779, 0.060315
41.183335, 0.051737, 0.061299
41.256635, 0.052769, 0.062467
41.330099, 0.053475, 0.063327
41.403728, 0.053743, 0.063660
41.477524, 0.053728, 0.063578
41.551485, 0.053600, 0.063258
41.625614, 0.053522, 0.062900
41.699909, 0.053695, 0.062761
41.774373, 0.054175, 0.062930
41.849006, 0.054684, 0.063116
41.923808, 0.054861, 0.062949
41.998779, 0.054656, 0.062472
42.073921, 0.054152, 0.061877
42.149234, 0.053272, 0.061146
42.224718, 0.051960, 0.060212
42.300375, 0.050491, 0.059232
42.376204, 0.049220, 0.058410
42.452206, 0.048254, 0.057766
42.528383, 0.047553, 0.057247
42.604733, 0.047113, 0.056885
42.681259, 0.046843, 0.056698
42.757961, 0.046474, 0.056442
42.834838, 0.045890, 0.055871
42.911893, 0.045312, 0.055121
42.989125, 0.045014, 0.054523
43.066536, 0.044898, 0.054128
43.144125, 0.044659, 0.053697
43.221893, 0.044213, 0.053131
43.299841, 0.043631, 0.052471
43.377970, 0.042960, 0.051750
43.456281, 0.042115, 0.050877
43.534773, 0.040967, 0.049738
43.613447, 0.039532, 0.048341
43.692305, 0.038017, 0.046842
43.771346, 0.036646, 0.045387
43.850572, 0.035597, 0.044154
43.929983, 0.034954, 0.043350
44.009580, 0.034664, 0.042997
44.089363, 0.034615, 0.042937
44.169333, 0.034707, 0.043030
44.249490, 0.034803, 0.043149
44.329836, 0.034706, 0.043118
44.410371, 0.034304, 0.042772
44.491096, 0.033667, 0.042099
44.572011, 0.032949, 0.041232
44.653117, 0.032243, 0.040284
44.734415, 0.031537, 0.039274
44.815905, 0.030736, 0.038140
44.897588, 0.029828, 0.036913
44.979465, 0.028992, 0.035806
45.061537, 0.028376, 0.034999
45.143803, 0.027932, 0.034437
45.226265, 0.027505, 0.033901
45.308924, 0.027067, 0.033350
45.391780, 0.026727, 0.032953
45.474834, 0.026572, 0.032817
45.558087, 0.026507, 0.032784
45.641539, 0.026269, 0.032485
45.725191, 0.025714, 0.031735
45.809044, 0.024887, 0.030611
45.893098, 0.023897, 0.029252
45.977355, 0.022884, 0.027832
46.061814, 0.021992, 0.026550
46.146477, 0.021259, 0.025478
46.231345, 0.020690, 0.024622
46.316418, 0.020285, 0.023976
46.401697, 0.019953, 0.023436
46.487183, 0.019624, 0.022912
46.572876, 0.019292, 0.022400
46.658777, 0.018930, 0.021884
46.744887, 0.018501, 0.021326
46.831207, 0.018031, 0.020742
46.917737, 0.017522, 0.020115
47.004479, 0.016978, 0.019427
47.091432, 0.016517, 0.018798
47.178599, 0.016241, 0.018367
47.265979, 0.016149, 0.018149
47.353573, 0.016143, 0.018034
47.441382, 0.016136, 0.017946
47.529408, 0.016106, 0.017900
47.617650, 0.016006, 0.017853
47.706110, 0.015733, 0.017664
47.794788, 0.015256, 0.017221
47.883685, 0.014743, 0.016658
47.972803, 0.014398, 0.016239
48.062141, 0.014263, 0.016073
48.151701, 0.014183, 0.016022
48.241483, 0.014020, 0.015892
48.331488, 0.013833, 0.015696
48.421718, 0.013708, 0.015530
48.512172, 0.013653, 0.015404
48.602853, 0.013634, 0.015298
48.693760, 0.013615, 0.015190
48.784894, 0.013583, 0.015079
48.876257, 0.013603, 0.015016
48.967849, 0.013805, 0.015113
49.059671, 0.014266, 0.015461
49.151724, 0.014880, 0.015996
49.244009, 0.015491, 0.016588
49.336526, 0.016032, 0.017188
49.429277, 0.016484, 0.017813
49.522263, 0.016817, 0.018486
49.615484, 0.016926, 0.019084
49.708941, 0.016779, 0.019386
49.802635, 0.016527, 0.019375
49.896568, 0.016248, 0.019177
49.990739, 0.016017, 0.018994
50.085150, 0.015793, 0.018898
50.179802, 0.015402, 0.018668
50.274695, 0.014930, 0.018260
50.369832, 0.014604, 0.017914
50.465211, 0.014487, 0.017800
50.560836, 0.014459, 0.017822
50.656705, 0.014460, 0.017928
50.752821, 0.014331, 0.017973
50.849185, 0.013923, 0.017667
50.945796, 0.013417, 0.017113
51.042657, 0.012986, 0.016577
51.139769, 0.012619, 0.016111
51.237131, 0.012253, 0.015631
51.334745, 0.012000, 0.015260
51.432613, 0.011914, 0.015116
51.530735, 0.011899, 0.015084
51.629112, 0.011884, 0.015047
51.727745, 0.011785, 0.014889
51.826635, 0.011579, 0.014575
51.925783, 0.011333, 0.014195
52.025191, 0.011176, 0.013936
52.124858, 0.011116, 0.013840
52.224787, 0.011077, 0.013813
52.324978, 0.011009, 0.013784
52.425432, 0.010866, 0.013679
52.526151, 0.010637, 0.013455
52.627135, 0.010325, 0.013087
52.728385, 0.010084, 0.012773
52.829903, 0.009956, 0.012615
52.931689, 0.009861, 0.012509
53.033744, 0.009830, 0.012471
53.136071, 0.009844, 0.012493
53.238669, 0.009792, 0.012441
53.341539, 0.009647, 0.012270
53.444684, 0.009479, 0.012067
53.548104, 0.009291, 0.011844
53.651799, 0.009096, 0.011600
53.755772, 0.008918, 0.011355
53.860024, 0.008708, 0.011049
53.964554, 0.008519, 0.010748
54.069365, 0.008431, 0.010581
54.174458, 0.008431, 0.010546
54.279834, 0.008501, 0.010610
54.385493, 0.008611, 0.010738
54.491438, 0.008638, 0.010788
54.597669, 0.008457, 0.010590
54.704187, 0.008050, 0.010094
54.810994, 0.007582, 0.009491
54.918091, 0.007274, 0.009064
55.025479, 0.007185, 0.008908
55.133158, 0.007177, 0.008868
55.241131, 0.007130, 0.008797
55.349399, 0.007079, 0.008719
55.457962, 0.007108, 0.008734
55.566823, 0.007159, 0.008789
55.675981, 0.007084, 0.008704
55.785439, 0.006881, 0.008466
55.895197, 0.006615, 0.008140
56.005257, 0.006368, 0.007825
56.115621, 0.006136, 0.007525
56.226289, 0.005836, 0.007141
56.337262, 0.005484, 0.006686
56.448542, 0.005214, 0.006333
56.560131, 0.005106, 0.006187
56.672029, 0.005093, 0.006172
56.784237, 0.005003, 0.006069
56.896758, 0.004727, 0.005727
57.009592, 0.004401, 0.005309
57.122740, 0.004160, 0.004991
57.236205, 0.004045, 0.004836
57.349987, 0.003961, 0.004728
57.464087, 0.003817, 0.004553
57.578508, 0.003611, 0.004302
57.693250, 0.003412, 0.004057
57.808314, 0.003255, 0.003859
57.923703, 0.003148, 0.003714
58.039416, 0.003078, 0.003617
58.155457, 0.003003, 0.003523
58.271826, 0.002894, 0.003395
58.388524, 0.002769, 0.003246
58.505553, 0.002636, 0.003088
58.622915, 0.002474, 0.002891
58.740611, 0.002285, 0.002662
58.858641, 0.002096, 0.002432
58.977009, 0.001923, 0.002222
59.095714, 0.001771, 0.002037
59.214759, 0.001661, 0.001901
59.334145, 0.001567, 0.001784
59.453873, 0.001456, 0.001650
59.573946, 0.001344, 0.001515
59.694364, 0.001255, 0.001407
59.815128, 0.001184, 0.001322
59.936241, 0.001114, 0.001239
60.057704, 0.001036, 0.001147
60.179519, 0.000965, 0.001063
60.301686, 0.000910, 0.000997
60.424208, 0.000869, 0.000948
60.547086, 0.000839, 0.000912
60.670322, 0.000816, 0.000884
60.793917, 0.000796, 0.000861
60.917873, 0.000777, 0.000838
61.042191, 0.000759, 0.000816
61.166872, 0.000743, 0.000797
61.291920, 0.000729, 0.000780
61.417334, 0.000717, 0.000766
61.543117, 0.000706, 0.000753
61.669271, 0.000695, 0.000741
61.795797, 0.000686, 0.000730
61.922696, 0.000676, 0.000720
62.049971, 0.000667, 0.000710
