# energy, eels_NLFC_w, eels_LFC_w
0.000000, -0.000000, -0.000000
0.010004, 0.000067, 0.000047
0.020017, 0.000134, 0.000094
0.030037, 0.000201, 0.000141
0.040066, 0.000268, 0.000188
0.050104, 0.000335, 0.000235
0.060149, 0.000402, 0.000283
0.070204, 0.000469, 0.000330
0.080266, 0.000537, 0.000377
0.090337, 0.000604, 0.000425
0.100416, 0.000672, 0.000472
0.110503, 0.000740, 0.000520
0.120599, 0.000808, 0.000568
0.130704, 0.000876, 0.000616
0.140817, 0.000944, 0.000664
0.150938, 0.001012, 0.000712
0.161067, 0.001081, 0.000760
0.171206, 0.001150, 0.000808
0.181352, 0.001219, 0.000857
0.191507, 0.001288, 0.000905
0.201671, 0.001357, 0.000954
0.211843, 0.001427, 0.001003
0.222023, 0.001497, 0.001052
0.232212, 0.001567, 0.001101
0.242410, 0.001637, 0.001151
0.252616, 0.001708, 0.001200
0.262831, 0.001779, 0.001250
0.273054, 0.001850, 0.001300
0.283286, 0.001921, 0.001350
0.293526, 0.001993, 0.001400
0.303775, 0.002065, 0.001451
0.314032, 0.002138, 0.001502
0.324299, 0.002210, 0.001553
0.334573, 0.002283, 0.001604
0.344857, 0.002357, 0.001655
0.355149, 0.002431, 0.001707
0.365449, 0.002505, 0.001759
0.375759, 0.002580, 0.001811
0.386077, 0.002655, 0.001864
0.396404, 0.002730, 0.001917
0.406739, 0.002806, 0.001970
0.417083, 0.002882, 0.002023
0.427436, 0.002959, 0.002077
0.437798, 0.003036, 0.002131
0.448168, 0.003114, 0.002185
0.458547, 0.003192, 0.002240
0.468935, 0.003271, 0.002295
0.479332, 0.003350, 0.002350
0.489737, 0.003430, 0.002406
0.500151, 0.003511, 0.002462
0.510574, 0.003592, 0.002519
0.521006, 0.003674, 0.002576
0.531447, 0.003756, 0.002633
0.541896, 0.003839, 0.002691
0.552355, 0.003922, 0.002749
0.562822, 0.004007, 0.002808
0.573298, 0.004092, 0.002867
0.583783, 0.004177, 0.002927
0.594277, 0.004264, 0.002987
0.604780, 0.004351, 0.003048
0.615292, 0.004439, 0.003109
0.625812, 0.004528, 0.003171
0.636342, 0.004618, 0.003233
0.646881, 0.004708, 0.003296
0.657428, 0.004800, 0.003359
0.667985, 0.004892, 0.003423
0.678550, 0.004985, 0.003488
0.689125, 0.005079, 0.003553
0.699708, 0.005175, 0.003619
0.710301, 0.005271, 0.003686
0.720903, 0.005368, 0.003754
0.731513, 0.005467, 0.003822
0.742133, 0.005567, 0.003891
0.752762, 0.005667, 0.003960
0.763400, 0.005770, 0.004031
0.774047, 0.005873, 0.004102
0.784703, 0.005977, 0.004175
0.795368, 0.006083, 0.004248
0.806042, 0.006191, 0.004322
0.816726, 0.006299, 0.004397
0.827418, 0.006410, 0.004473
0.838120, 0.006522, 0.004550
0.848831, 0.006635, 0.004628
0.859551, 0.006750, 0.004707
0.870280, 0.006867, 0.004787
0.881019, 0.006985, 0.004869
0.891767, 0.007105, 0.004951
0.902524, 0.007228, 0.005035
0.913290, 0.007352, 0.005120
0.924066, 0.007478, 0.005207
0.934850, 0.007607, 0.005295
0.945645, 0.007737, 0.005384
0.956448, 0.007870, 0.005475
0.967261, 0.008005, 0.005568
0.978083, 0.008143, 0.005662
0.988914, 0.008283, 0.005758
0.999755, 0.008426, 0.005855
1.010605, 0.008571, 0.005955
1.021464, 0.008720, 0.006056
1.032333, 0.008871, 0.006159
1.043211, 0.009026, 0.006264
1.054099, 0.009183, 0.006372
1.064996, 0.009344, 0.006481
1.075902, 0.009508, 0.006593
1.086818, 0.009675, 0.006707
1.097744, 0.009846, 0.006823
1.108678, 0.010020, 0.006941
1.119623, 0.010198, 0.007062
1.130576, 0.010380, 0.007185
1.141540, 0.010565, 0.007311
1.152512, 0.010754, 0.007439
1.163495, 0.010947, 0.007569
1.174487, 0.011144, 0.007702
1.185488, 0.011345, 0.007838
1.196499, 0.011550, 0.007977
1.207520, 0.011760, 0.008118
1.218550, 0.011974, 0.008263
1.229590, 0.012193, 0.008411
1.240639, 0.012418, 0.008562
1.251698, 0.012648, 0.008717
1.262767, 0.012885, 0.008876
1.273845, 0.013128, 0.009040
1.284933, 0.013378, 0.009208
1.296031, 0.013636, 0.009381
1.307138, 0.013902, 0.009560
1.318255, 0.014178, 0.009744
1.329382, 0.014462, 0.009935
1.340518, 0.014757, 0.010132
1.351664, 0.015062, 0.010336
1.362820, 0.015378, 0.010547
1.373986, 0.015707, 0.010767
1.385162, 0.016048, 0.010995
1.396347, 0.016402, 0.011231
1.407542, 0.016771, 0.011477
1.418747, 0.017155, 0.011733
1.429962, 0.017554, 0.011999
1.441186, 0.017971, 0.012276
1.452421, 0.018404, 0.012565
1.463665, 0.018857, 0.012866
1.474920, 0.019329, 0.013180
1.486184, 0.019822, 0.013507
1.497458, 0.020336, 0.013848
1.508742, 0.020874, 0.014205
1.520036, 0.021436, 0.014578
1.531339, 0.022023, 0.014967
1.542653, 0.022636, 0.015373
1.553977, 0.023278, 0.015798
1.565311, 0.023948, 0.016241
1.576655, 0.024648, 0.016704
1.588008, 0.025380, 0.017187
1.599372, 0.026143, 0.017691
1.610746, 0.026938, 0.018216
1.622130, 0.027766, 0.018763
1.633524, 0.028627, 0.019331
1.644928, 0.029521, 0.019920
1.656342, 0.030448, 0.020531
1.667767, 0.031409, 0.021164
1.679201, 0.032404, 0.021819
1.690646, 0.033432, 0.022496
1.702100, 0.034495, 0.023195
1.713565, 0.035592, 0.023917
1.725040, 0.036724, 0.024661
1.736525, 0.037892, 0.025429
1.748021, 0.039093, 0.026219
1.759526, 0.040327, 0.027031
1.771042, 0.041591, 0.027864
1.782568, 0.042881, 0.028714
1.794105, 0.044192, 0.029578
1.805651, 0.045517, 0.030454
1.817208, 0.046851, 0.031335
1.828776, 0.048185, 0.032217
1.840353, 0.049513, 0.033095
1.851941, 0.050829, 0.033966
1.863539, 0.052127, 0.034825
1.875148, 0.053403, 0.035669
1.886767, 0.054656, 0.036497
1.898396, 0.055883, 0.037306
1.910036, 0.057082, 0.038097
1.921686, 0.058253, 0.038868
1.933346, 0.059392, 0.039617
1.945017, 0.060495, 0.040341
1.956699, 0.061558, 0.041039
1.968391, 0.062574, 0.041705
1.980093, 0.063538, 0.042336
1.991806, 0.064444, 0.042929
2.003529, 0.065291, 0.043482
2.015263, 0.066080, 0.043995
2.027008, 0.066815, 0.044472
2.038763, 0.067507, 0.044919
2.050528, 0.068171, 0.045345
2.062305, 0.068825, 0.045762
2.074091, 0.069491, 0.046183
2.085889, 0.070193, 0.046625
2.097697, 0.070955, 0.047103
2.109515, 0.071798, 0.047632
2.121344, 0.072746, 0.048227
2.133184, 0.073815, 0.048899
2.145035, 0.075021, 0.049660
2.156896, 0.076375, 0.050517
2.168768, 0.077883, 0.051474
2.180651, 0.079549, 0.052536
2.192545, 0.081370, 0.053700
2.204449, 0.083338, 0.054964
2.216364, 0.085440, 0.056320
2.228289, 0.087660, 0.057757
2.240226, 0.089974, 0.059262
2.252173, 0.092355, 0.060819
2.264132, 0.094773, 0.062407
2.276101, 0.097191, 0.064005
2.288081, 0.099574, 0.065588
2.300071, 0.101883, 0.067133
2.312073, 0.104084, 0.068615
2.324086, 0.106143, 0.070012
2.336109, 0.108031, 0.071303
2.348143, 0.109730, 0.072473
2.360189, 0.111228, 0.073513
2.372245, 0.112524, 0.074419
2.384312, 0.113630, 0.075197
2.396391, 0.114571, 0.075860
2.408480, 0.115380, 0.076428
2.420580, 0.116099, 0.076927
2.432691, 0.116777, 0.077388
2.444814, 0.117464, 0.077845
2.456947, 0.118210, 0.078330
2.469092, 0.119061, 0.078875
2.481247, 0.120055, 0.079506
2.493414, 0.121226, 0.080247
2.505592, 0.122595, 0.081114
2.517781, 0.124177, 0.082120
2.529981, 0.125976, 0.083270
2.542192, 0.127987, 0.084562
2.554415, 0.130199, 0.085992
2.566649, 0.132589, 0.087548
2.578894, 0.135125, 0.089212
2.591150, 0.137770, 0.090962
2.603417, 0.140475, 0.092769
2.615696, 0.143183, 0.094598
2.627986, 0.145830, 0.096410
2.640287, 0.148345, 0.098157
2.652600, 0.150657, 0.099794
2.664923, 0.152696, 0.101273
2.677259, 0.154401, 0.102549
2.689605, 0.155726, 0.103588
2.701963, 0.156646, 0.104366
2.714332, 0.157160, 0.104874
2.726713, 0.157292, 0.105121
2.739105, 0.157092, 0.105134
2.751509, 0.156629, 0.104952
2.763924, 0.155986, 0.104627
2.776351, 0.155252, 0.104216
2.788789, 0.154519, 0.103780
2.801238, 0.153872, 0.103377
2.813699, 0.153385, 0.103059
2.826172, 0.153121, 0.102870
2.838656, 0.153128, 0.102847
2.851151, 0.153443, 0.103017
2.863659, 0.154086, 0.103396
2.876177, 0.155066, 0.103996
2.888708, 0.156384, 0.104818
2.901250, 0.158031, 0.105860
2.913804, 0.159990, 0.107114
2.926369, 0.162241, 0.108570
2.938946, 0.164758, 0.110214
2.951535, 0.167508, 0.112028
2.964135, 0.170457, 0.113993
2.976747, 0.173561, 0.116085
2.989371, 0.176768, 0.118274
3.002007, 0.180016, 0.120524
3.014654, 0.183231, 0.122791
3.027314, 0.186329, 0.125023
3.039985, 0.189213, 0.127159
3.052668, 0.191785, 0.129133
3.065362, 0.193948, 0.130878
3.078069, 0.195612, 0.132326
3.090787, 0.196710, 0.133424
3.103518, 0.197201, 0.134130
3.116260, 0.197077, 0.134424
3.129014, 0.196367, 0.134309
3.141780, 0.195129, 0.133811
3.154558, 0.193453, 0.132977
3.167348, 0.191446, 0.131871
3.180150, 0.189222, 0.130567
3.192965, 0.186901, 0.129143
3.205791, 0.184592, 0.127676
3.218629, 0.182394, 0.126238
3.231479, 0.180393, 0.124892
3.244341, 0.178653, 0.123691
3.257215, 0.177224, 0.122674
3.270102, 0.176135, 0.121871
3.283001, 0.175399, 0.121298
3.295911, 0.175013, 0.120957
3.308834, 0.174958, 0.120844
3.321769, 0.175201, 0.120942
3.334716, 0.175699, 0.121225
3.347676, 0.176399, 0.121660
3.360648, 0.177243, 0.122212
3.373632, 0.178166, 0.122836
3.386628, 0.179105, 0.123491
3.399636, 0.180003, 0.124135
3.412657, 0.180809, 0.124730
3.425690, 0.181485, 0.125249
3.438736, 0.182012, 0.125672
3.451793, 0.182386, 0.125993
3.464864, 0.182624, 0.126219
3.477946, 0.182756, 0.126368
3.491041, 0.182824, 0.126465
3.504149, 0.182874, 0.126542
3.517268, 0.182948, 0.126628
3.530401, 0.183081, 0.126750
3.543545, 0.183294, 0.126925
3.556703, 0.183596, 0.127160
3.569872, 0.183977, 0.127456
3.583055, 0.184415, 0.127798
3.596250, 0.184880, 0.128168
3.609457, 0.185331, 0.128541
3.622677, 0.185728, 0.128889
3.635910, 0.186035, 0.129185
3.649155, 0.186220, 0.129409
3.662413, 0.186265, 0.129543
3.675683, 0.186165, 0.129581
3.688966, 0.185926, 0.129525
3.702262, 0.185569, 0.129386
3.715571, 0.185123, 0.129181
3.728892, 0.184619, 0.128929
3.742226, 0.184090, 0.128653
3.755573, 0.183559, 0.128369
3.768933, 0.183043, 0.128088
3.782305, 0.182546, 0.127813
3.795690, 0.182060, 0.127542
3.809088, 0.181568, 0.127261
3.822499, 0.181045, 0.126954
3.835923, 0.180463, 0.126601
3.849360, 0.179792, 0.126181
3.862809, 0.179006, 0.125674
3.876272, 0.178081, 0.125062
3.889747, 0.177002, 0.124334
3.903236, 0.175763, 0.123483
3.916737, 0.174368, 0.122510
3.930252, 0.172833, 0.121423
3.943779, 0.171185, 0.120240
3.957320, 0.169466, 0.118988
3.970873, 0.167724, 0.117702
3.984440, 0.166015, 0.116420
3.998020, 0.164399, 0.115184
4.011613, 0.162934, 0.114036
4.025219, 0.161673, 0.113017
4.038838, 0.160664, 0.112161
4.052470, 0.159945, 0.111497
4.066116, 0.159543, 0.111049
4.079774, 0.159475, 0.110829
4.093446, 0.159745, 0.110844
4.107132, 0.160344, 0.111090
4.120830, 0.161254, 0.111557
4.134542, 0.162443, 0.112226
4.148267, 0.163870, 0.113069
4.162005, 0.165486, 0.114055
4.175757, 0.167239, 0.115148
4.189522, 0.169074, 0.116310
4.203301, 0.170939, 0.117506
4.217093, 0.172788, 0.118702
4.230898, 0.174581, 0.119869
4.244717, 0.176289, 0.120987
4.258550, 0.177894, 0.122040
4.272395, 0.179385, 0.123018
4.286255, 0.180758, 0.123919
4.300127, 0.182014, 0.124740
4.314014, 0.183159, 0.125484
4.327914, 0.184199, 0.126155
4.341827, 0.185146, 0.126759
4.355754, 0.186015, 0.127306
4.369695, 0.186830, 0.127809
4.383650, 0.187619, 0.128289
4.397618, 0.188414, 0.128767
4.411599, 0.189252, 0.129267
4.425595, 0.190164, 0.129814
4.439604, 0.191177, 0.130426
4.453627, 0.192308, 0.131117
4.467664, 0.193561, 0.131893
4.481714, 0.194927, 0.132750
4.495779, 0.196385, 0.133678
4.509857, 0.197901, 0.134656
4.523949, 0.199436, 0.135660
4.538054, 0.200945, 0.136660
4.552174, 0.202384, 0.137627
4.566308, 0.203716, 0.138536
4.580455, 0.204909, 0.139363
4.594617, 0.205943, 0.140094
4.608792, 0.206809, 0.140716
4.622982, 0.207505, 0.141228
4.637185, 0.208038, 0.141630
4.651403, 0.208422, 0.141930
4.665635, 0.208678, 0.142136
4.679880, 0.208831, 0.142266
4.694140, 0.208913, 0.142337
4.708414, 0.208957, 0.142372
4.722702, 0.208996, 0.142392
4.737004, 0.209061, 0.142418
4.751320, 0.209172, 0.142466
4.765651, 0.209341, 0.142545
4.779996, 0.209569, 0.142657
4.794355, 0.209847, 0.142797
4.808728, 0.210156, 0.142953
4.823116, 0.210471, 0.143109
4.837517, 0.210768, 0.143247
4.851934, 0.211021, 0.143350
4.866364, 0.211213, 0.143403
4.880809, 0.211334, 0.143400
4.895268, 0.211385, 0.143338
4.909742, 0.211378, 0.143225
4.924230, 0.211334, 0.143072
4.938733, 0.211285, 0.142901
4.953250, 0.211269, 0.142737
4.967782, 0.211328, 0.142607
4.982328, 0.211507, 0.142541
4.996889, 0.211847, 0.142569
5.011464, 0.212386, 0.142716
5.026054, 0.213158, 0.143006
5.040658, 0.214187, 0.143455
5.055277, 0.215492, 0.144077
5.069911, 0.217082, 0.144879
5.084559, 0.218962, 0.145865
5.099222, 0.221129, 0.147032
5.113900, 0.223575, 0.148377
5.128593, 0.226291, 0.149891
5.143300, 0.229260, 0.151566
5.158022, 0.232467, 0.153390
5.172759, 0.235890, 0.155349
5.187511, 0.239503, 0.157426
5.202277, 0.243279, 0.159601
5.217059, 0.247186, 0.161853
5.231855, 0.251192, 0.164160
5.246667, 0.255265, 0.166498
5.261493, 0.259379, 0.168850
5.276334, 0.263519, 0.171200
5.291190, 0.267679, 0.173544
5.306062, 0.271868, 0.175883
5.320948, 0.276109, 0.178231
5.335849, 0.280439, 0.180609
5.350766, 0.284905, 0.183046
5.365697, 0.289564, 0.185579
5.380644, 0.294473, 0.188246
5.395605, 0.299689, 0.191084
5.410582, 0.305258, 0.194125
5.425575, 0.311216, 0.197397
5.440582, 0.317583, 0.200914
5.455604, 0.324362, 0.204683
5.470642, 0.331542, 0.208698
5.485696, 0.339100, 0.212948
5.500764, 0.347000, 0.217411
5.515848, 0.355198, 0.222060
5.530947, 0.363645, 0.226865
5.546062, 0.372292, 0.231794
5.561191, 0.381088, 0.236815
5.576337, 0.389991, 0.241902
5.591498, 0.398971, 0.247033
5.606674, 0.408014, 0.252197
5.621866, 0.417123, 0.257394
5.637073, 0.426319, 0.262633
5.652296, 0.435636, 0.267935
5.667534, 0.445119, 0.273324
5.682789, 0.454811, 0.278828
5.698058, 0.464749, 0.284474
5.713343, 0.474954, 0.290279
5.728644, 0.485423, 0.296252
5.743961, 0.496124, 0.302383
5.759294, 0.506997, 0.308648
5.774642, 0.517961, 0.315005
5.790006, 0.528927, 0.321408
5.805385, 0.539818, 0.327809
5.820781, 0.550592, 0.334173
5.836192, 0.561257, 0.340494
5.851619, 0.571883, 0.346795
5.867062, 0.582593, 0.353134
5.882521, 0.593550, 0.359599
5.897996, 0.604928, 0.366290
5.913487, 0.616887, 0.373310
5.928994, 0.629541, 0.380743
5.944517, 0.642941, 0.388642
5.960056, 0.657058, 0.397020
5.975611, 0.671781, 0.405841
5.991182, 0.686925, 0.415020
6.006769, 0.702248, 0.424433
6.022372, 0.717487, 0.433926
6.037992, 0.732392, 0.443338
6.053627, 0.746763, 0.452523
6.069279, 0.760488, 0.461369
6.084947, 0.773554, 0.469818
6.100632, 0.786060, 0.477877
6.116332, 0.798206, 0.485622
6.132049, 0.810264, 0.493190
6.147782, 0.822554, 0.500767
6.163532, 0.835395, 0.508566
6.179298, 0.849071, 0.516807
6.195081, 0.863794, 0.525687
6.210879, 0.879685, 0.535367
6.226695, 0.896766, 0.545961
6.242527, 0.914960, 0.557523
6.258375, 0.934104, 0.570057
6.274240, 0.953969, 0.583514
6.290121, 0.974281, 0.597800
6.306019, 0.994738, 0.612787
6.321934, 1.015033, 0.628320
6.337865, 1.034863, 0.644223
6.353813, 1.053943, 0.660308
6.369778, 1.072015, 0.676385
6.385759, 1.088870, 0.692267
6.401758, 1.104368, 0.707794
6.417773, 1.118466, 0.722852
6.433804, 1.131214, 0.737389
6.449853, 1.142737, 0.751416
6.465918, 1.153182, 0.764991
6.482001, 1.162661, 0.778184
6.498100, 1.171204, 0.791035
6.514216, 1.178747, 0.803526
6.530349, 1.185153, 0.815571
6.546499, 1.190265, 0.827033
6.562666, 1.193976, 0.837758
6.578850, 1.196283, 0.847624
6.595052, 1.197314, 0.856580
6.611270, 1.197324, 0.864669
6.627505, 1.196660, 0.872034
6.643758, 1.195712, 0.878895
6.660028, 1.194865, 0.885526
6.676315, 1.194465, 0.892227
6.692619, 1.194801, 0.899301
6.708940, 1.196084, 0.907045
6.725279, 1.198433, 0.915731
6.741635, 1.201845, 0.925588
6.758009, 1.206154, 0.936772
6.774399, 1.210996, 0.949317
6.790808, 1.215778, 0.963094
6.807233, 1.219686, 0.977754
6.823676, 1.221735, 0.992703
6.840137, 1.220886, 1.007103
6.856615, 1.216216, 1.019937
6.873111, 1.207107, 1.030130
6.889624, 1.193404, 1.036725
6.906154, 1.175488, 1.039077
6.922703, 1.154236, 1.036994
6.939269, 1.130878, 1.030807
6.955853, 1.106797, 1.021317
6.972454, 1.083330, 1.009651
6.989073, 1.061605, 0.997073
7.005710, 1.042448, 0.984796
7.022365, 1.026341, 0.973848
7.039037, 1.013429, 0.964984
7.055728, 1.003553, 0.958665
7.072436, 0.996288, 0.955053
7.089162, 0.990989, 0.954035
7.105906, 0.986835, 0.955243
7.122668, 0.982886, 0.958075
7.139448, 0.978159, 0.961726
7.156246, 0.971722, 0.965248
7.173062, 0.962796, 0.967623
7.189897, 0.950849, 0.967871
7.206749, 0.935648, 0.965157
7.223619, 0.917277, 0.958900
7.240508, 0.896108, 0.948837
7.257415, 0.872741, 0.935063
7.274340, 0.847917, 0.918006
7.291283, 0.822424, 0.898358
7.308245, 0.796998, 0.876956
7.325225, 0.772242, 0.854651
7.342223, 0.748570, 0.832178
7.359239, 0.726193, 0.810071
7.376274, 0.705140, 0.788633
7.393328, 0.685316, 0.767958
7.410400, 0.666570, 0.748004
7.427490, 0.648764, 0.728677
7.444599, 0.631819, 0.709911
7.461727, 0.615734, 0.691718
7.478873, 0.600573, 0.674205
7.496037, 0.586436, 0.657541
7.513221, 0.573408, 0.641918
7.530423, 0.561524, 0.627489
7.547643, 0.550737, 0.614320
7.564883, 0.540895, 0.602356
7.582141, 0.531749, 0.591405
7.599418, 0.522966, 0.581155
7.616714, 0.514174, 0.571204
7.634029, 0.505001, 0.561110
7.651362, 0.495132, 0.550453
7.668715, 0.484344, 0.538889
7.686086, 0.472537, 0.526196
7.703477, 0.459743, 0.512299
7.720886, 0.446116, 0.497281
7.738314, 0.431913, 0.481366
7.755762, 0.417460, 0.464892
7.773229, 0.403113, 0.448262
7.790715, 0.389215, 0.431899
7.808220, 0.376066, 0.416187
7.825744, 0.363894, 0.401446
7.843287, 0.352849, 0.387899
7.860850, 0.342999, 0.375677
7.878432, 0.334345, 0.364822
7.896033, 0.326835, 0.355304
7.913654, 0.320377, 0.347046
7.931294, 0.314860, 0.339937
7.948953, 0.310153, 0.333843
7.966632, 0.306113, 0.328617
7.984331, 0.302576, 0.324088
8.002049, 0.299351, 0.320057
8.019786, 0.296223, 0.316290
8.037543, 0.292961, 0.312529
8.055320, 0.289336, 0.308506
8.073117, 0.285152, 0.303974
8.090933, 0.280270, 0.298732
8.108768, 0.274628, 0.292661
8.126624, 0.268244, 0.285729
8.144499, 0.261210, 0.277999
8.162394, 0.253677, 0.269615
8.180309, 0.245830, 0.260772
8.198244, 0.237863, 0.251696
8.216199, 0.229962, 0.242608
8.234174, 0.222284, 0.233707
8.252168, 0.214954, 0.225153
8.270183, 0.208055, 0.217063
8.288218, 0.201638, 0.209507
8.306273, 0.195723, 0.202520
8.324348, 0.190304, 0.196104
8.342443, 0.185358, 0.190238
8.360558, 0.180849, 0.184884
8.378694, 0.176738, 0.179998
8.396849, 0.172988, 0.175538
8.415025, 0.169573, 0.171472
8.433222, 0.166473, 0.167773
8.451438, 0.163674, 0.164424
8.469676, 0.161158, 0.161402
8.487933, 0.158898, 0.158681
8.506211, 0.156859, 0.156223
8.524509, 0.154998, 0.153985
8.542828, 0.153269, 0.151920
8.561168, 0.151632, 0.149986
8.579528, 0.150048, 0.148143
8.597909, 0.148476, 0.146350
8.616310, 0.146869, 0.144559
8.634732, 0.145171, 0.142710
8.653175, 0.143317, 0.140735
8.671639, 0.141246, 0.138568
8.690123, 0.138910, 0.136153
8.708629, 0.136291, 0.133463
8.727155, 0.133407, 0.130507
8.745702, 0.130313, 0.127333
8.764270, 0.127095, 0.124019
8.782859, 0.123857, 0.120666
8.801469, 0.120703, 0.117379
8.820100, 0.117728, 0.114255
8.838752, 0.115003, 0.111366
8.857425, 0.112568, 0.108761
8.876119, 0.110434, 0.106451
8.894835, 0.108580, 0.104423
8.913572, 0.106962, 0.102633
8.932330, 0.105519, 0.101022
8.951109, 0.104179, 0.099523
8.969910, 0.102873, 0.098066
8.988732, 0.101542, 0.096592
9.007575, 0.100141, 0.095057
9.026440, 0.098648, 0.093437
9.045327, 0.097063, 0.091732
9.064235, 0.095407, 0.089960
9.083164, 0.093715, 0.088153
9.102115, 0.092028, 0.086352
9.121088, 0.090386, 0.084592
9.140082, 0.088815, 0.082904
9.159098, 0.087329, 0.081300
9.178136, 0.085923, 0.079780
9.197196, 0.084581, 0.078329
9.216277, 0.083279, 0.076926
9.235380, 0.081993, 0.075549
9.254506, 0.080702, 0.074180
9.273653, 0.079399, 0.072808
9.292822, 0.078085, 0.071436
9.312013, 0.076774, 0.070075
9.331226, 0.075488, 0.068743
9.350461, 0.074249, 0.067462
9.369719, 0.073077, 0.066251
9.388998, 0.071986, 0.065122
9.408300, 0.070981, 0.064083
9.427624, 0.070059, 0.063131
9.446970, 0.069211, 0.062258
9.466338, 0.068423, 0.061450
9.485729, 0.067679, 0.060691
9.505142, 0.066964, 0.059968
9.524578, 0.066268, 0.059267
9.544036, 0.065582, 0.058578
9.563517, 0.064900, 0.057893
9.583020, 0.064214, 0.057202
9.602546, 0.063514, 0.056495
9.622094, 0.062790, 0.055762
9.641665, 0.062035, 0.054996
9.661259, 0.061247, 0.054196
9.680875, 0.060428, 0.053366
9.700515, 0.059588, 0.052517
9.720177, 0.058739, 0.051660
9.739862, 0.057891, 0.050809
9.759570, 0.057054, 0.049975
9.779300, 0.056236, 0.049165
9.799054, 0.055444, 0.048387
9.818831, 0.054683, 0.047645
9.838631, 0.053956, 0.046944
9.858454, 0.053270, 0.046285
9.878300, 0.052627, 0.045671
9.898169, 0.052033, 0.045103
9.918061, 0.051488, 0.044579
9.937977, 0.050990, 0.044094
9.957916, 0.050533, 0.043639
9.977879, 0.050109, 0.043205
9.997865, 0.049713, 0.042783
10.017874, 0.049340, 0.042371
10.037906, 0.048993, 0.041971
10.057963, 0.048679, 0.041589
10.078042, 0.048403, 0.041236
10.098146, 0.048173, 0.040921
10.118273, 0.047988, 0.040646
10.138423, 0.047841, 0.040411
10.158598, 0.047719, 0.040205
10.178796, 0.047602, 0.040013
10.199018, 0.047471, 0.039819
10.219264, 0.047306, 0.039605
10.239533, 0.047094, 0.039358
10.259827, 0.046831, 0.039073
10.280144, 0.046518, 0.038750
10.300486, 0.046162, 0.038394
10.320852, 0.045771, 0.038011
10.341241, 0.045353, 0.037608
10.361655, 0.044913, 0.037191
10.382093, 0.044459, 0.036765
10.402555, 0.043998, 0.036338
10.423042, 0.043540, 0.035916
10.443553, 0.043096, 0.035511
10.464088, 0.042679, 0.035132
10.484648, 0.042298, 0.034788
10.505232, 0.041965, 0.034488
10.525840, 0.041683, 0.034234
10.546473, 0.041455, 0.034031
10.567131, 0.041281, 0.033876
10.587813, 0.041161, 0.033768
10.608520, 0.041092, 0.033705
10.629252, 0.041074, 0.033685
10.650008, 0.041103, 0.033706
10.670789, 0.041178, 0.033765
10.691595, 0.041293, 0.033859
10.712426, 0.041445, 0.033984
10.733282, 0.041629, 0.034136
10.754163, 0.041840, 0.034312
10.775069, 0.042074, 0.034509
10.796000, 0.042326, 0.034724
10.816956, 0.042595, 0.034954
10.837937, 0.042876, 0.035195
10.858943, 0.043167, 0.035443
10.879975, 0.043465, 0.035693
10.901032, 0.043770, 0.035944
10.922114, 0.044080, 0.036191
10.943222, 0.044394, 0.036433
10.964355, 0.044710, 0.036668
10.985513, 0.045025, 0.036895
11.006697, 0.045338, 0.037112
11.027907, 0.045646, 0.037320
11.049142, 0.045949, 0.037522
11.070403, 0.046252, 0.037725
11.091689, 0.046559, 0.037936
11.113002, 0.046880, 0.038164
11.134340, 0.047225, 0.038418
11.155704, 0.047605, 0.038707
11.177094, 0.048033, 0.039041
11.198510, 0.048520, 0.039426
11.219951, 0.049078, 0.039868
11.241419, 0.049717, 0.040376
11.262913, 0.050449, 0.040957
11.284433, 0.051284, 0.041618
11.305979, 0.052233, 0.042369
11.327552, 0.053307, 0.043219
11.349150, 0.054519, 0.044175
11.370775, 0.055882, 0.045245
11.392427, 0.057410, 0.046438
11.414105, 0.059116, 0.047760
11.435809, 0.061016, 0.049217
11.457540, 0.063122, 0.050817
11.479297, 0.065447, 0.052563
11.501081, 0.068003, 0.054459
11.522892, 0.070798, 0.056507
11.544729, 0.073834, 0.058702
11.566593, 0.077107, 0.061039
11.588484, 0.080606, 0.063505
11.610402, 0.084308, 0.066084
11.632346, 0.088183, 0.068753
11.654318, 0.092191, 0.071485
11.676317, 0.096286, 0.074248
11.698342, 0.100418, 0.077010
11.720395, 0.104535, 0.079737
11.742475, 0.108588, 0.082398
11.764582, 0.112529, 0.084962
11.786717, 0.116314, 0.087405
11.808878, 0.119902, 0.089703
11.831067, 0.123267, 0.091846
11.853284, 0.126405, 0.093838
11.875528, 0.129339, 0.095702
11.897799, 0.132123, 0.097480
11.920098, 0.134826, 0.099225
11.942425, 0.137528, 0.100994
11.964779, 0.140298, 0.102833
11.987161, 0.143182, 0.104772
12.009571, 0.146196, 0.106816
12.032008, 0.149319, 0.108944
12.054474, 0.152499, 0.111112
12.076967, 0.155661, 0.113258
12.099488, 0.158719, 0.115312
12.122038, 0.161586, 0.117204
12.144615, 0.164194, 0.118876
12.167221, 0.166501, 0.120298
12.189854, 0.168506, 0.121469
12.212516, 0.170245, 0.122419
12.235207, 0.171776, 0.123195
12.257925, 0.173154, 0.123842
12.280672, 0.174411, 0.124392
12.303448, 0.175548, 0.124854
12.326252, 0.176542, 0.125220
12.349084, 0.177371, 0.125481
12.371945, 0.178030, 0.125637
12.394835, 0.178551, 0.125712
12.417754, 0.179010, 0.125755
12.440701, 0.179514, 0.125833
12.463677, 0.180182, 0.126021
12.486682, 0.181126, 0.126392
12.509716, 0.182425, 0.127006
12.532779, 0.184124, 0.127901
12.555871, 0.186221, 0.129090
12.578992, 0.188663, 0.130556
12.602142, 0.191347, 0.132246
12.625321, 0.194129, 0.134074
12.648530, 0.196846, 0.135937
12.671768, 0.199352, 0.137735
12.695035, 0.201552, 0.139397
12.718332, 0.203426, 0.140895
12.741658, 0.205030, 0.142252
12.765014, 0.206469, 0.143524
12.788399, 0.207848, 0.144776
12.811814, 0.209237, 0.146058
12.835259, 0.210641, 0.147379
12.858734, 0.212012, 0.148714
12.882238, 0.213271, 0.150007
12.905772, 0.214342, 0.151195
12.929336, 0.215174, 0.152223
12.952931, 0.215750, 0.153054
12.976555, 0.216089, 0.153674
13.000209, 0.216224, 0.154086
13.023894, 0.216189, 0.154300
13.047608, 0.216000, 0.154327
13.071353, 0.215660, 0.154180
13.095129, 0.215183, 0.153887
13.118935, 0.214616, 0.153498
13.142771, 0.214059, 0.153095
13.166637, 0.213655, 0.152786
13.190535, 0.213568, 0.152684
13.214463, 0.213949, 0.152892
13.238421, 0.214904, 0.153479
13.262411, 0.216467, 0.154467
13.286431, 0.218592, 0.155825
13.310482, 0.221144, 0.157474
13.334564, 0.223916, 0.159292
13.358677, 0.226648, 0.161133
13.382821, 0.229062, 0.162845
13.406996, 0.230915, 0.164293
13.431202, 0.232046, 0.165384
13.455440, 0.232420, 0.166086
13.479709, 0.232137, 0.166438
13.504009, 0.231409, 0.166538
13.528340, 0.230497, 0.166512
13.552703, 0.229643, 0.166486
13.577098, 0.229020, 0.166546
13.601524, 0.228702, 0.166734
13.625982, 0.228682, 0.167047
13.650471, 0.228900, 0.167461
13.674993, 0.229276, 0.167953
13.699546, 0.229729, 0.168502
13.724131, 0.230181, 0.169091
13.748748, 0.230556, 0.169702
13.773397, 0.230798, 0.170313
13.798078, 0.230883, 0.170915
13.822792, 0.230837, 0.171510
13.847537, 0.230734, 0.172124
13.872315, 0.230672, 0.172793
13.897125, 0.230753, 0.173551
13.921968, 0.231050, 0.174414
13.946843, 0.231584, 0.175366
13.971750, 0.232318, 0.176361
13.996690, 0.233166, 0.177331
14.021663, 0.234026, 0.178206
14.046669, 0.234815, 0.178943
14.071707, 0.235506, 0.179542
14.096778, 0.236151, 0.180054
14.121882, 0.236873, 0.180577
14.147020, 0.237832, 0.181231
14.172190, 0.239168, 0.182127
14.197393, 0.240959, 0.183330
14.222629, 0.243187, 0.184840
14.247899, 0.245749, 0.186588
14.273202, 0.248470, 0.188448
14.298538, 0.251128, 0.190262
14.323908, 0.253492, 0.191866
14.349311, 0.255362, 0.193126
14.374748, 0.256607, 0.193964
14.400219, 0.257205, 0.194375
14.425723, 0.257233, 0.194416
14.451261, 0.256836, 0.194179
14.476833, 0.256182, 0.193758
14.502439, 0.255437, 0.193244
14.528079, 0.254760, 0.192732
14.553752, 0.254314, 0.192330
14.579460, 0.254259, 0.192161
14.605202, 0.254740, 0.192345
14.630979, 0.255863, 0.192978
14.656789, 0.257682, 0.194112
14.682634, 0.260188, 0.195748
14.708514, 0.263308, 0.197827
14.734428, 0.266889, 0.200238
14.760376, 0.270708, 0.202816
14.786360, 0.274495, 0.205371
14.812378, 0.277993, 0.207721
14.838431, 0.281029, 0.209743
14.864518, 0.283560, 0.211406
14.890641, 0.285662, 0.212768
14.916799, 0.287467, 0.213939
14.942991, 0.289091, 0.215032
14.969219, 0.290606, 0.216127
14.995482, 0.292045, 0.217269
15.021781, 0.293438, 0.218474
15.048114, 0.294848, 0.219752
15.074484, 0.296385, 0.221120
15.100888, 0.298207, 0.222613
15.127329, 0.300489, 0.224281
15.153804, 0.303382, 0.226171
15.180316, 0.306975, 0.228315
15.206864, 0.311292, 0.230722
15.233447, 0.316313, 0.233384
15.260066, 0.322006, 0.236296
15.286721, 0.328360, 0.239469
15.313413, 0.335385, 0.242939
15.340140, 0.343118, 0.246766
15.366904, 0.351600, 0.251015
15.393704, 0.360861, 0.255736
15.420541, 0.370878, 0.260937
15.447414, 0.381522, 0.266560
15.474323, 0.392499, 0.272449
15.501269, 0.403334, 0.278352
15.528252, 0.413450, 0.283957
15.555271, 0.422329, 0.288974
15.582328, 0.429681, 0.293224
15.609421, 0.435536, 0.296699
15.636551, 0.440227, 0.299554
15.663718, 0.444280, 0.302053
15.690923, 0.448305, 0.304501
15.718164, 0.452906, 0.307192
15.745443, 0.458629, 0.310382
15.772760, 0.465907, 0.314270
15.800113, 0.474982, 0.318978
15.827504, 0.485809, 0.324504
15.854933, 0.497979, 0.330687
15.882400, 0.510712, 0.337183
15.909904, 0.522997, 0.343517
15.937446, 0.533852, 0.349195
15.965026, 0.542618, 0.353856
15.992644, 0.549136, 0.357363
16.020300, 0.553713, 0.359806
16.047994, 0.556947, 0.361425
16.075727, 0.559548, 0.362525
16.103497, 0.562231, 0.363429
16.131306, 0.565653, 0.364461
16.159154, 0.570346, 0.365932
16.187040, 0.576670, 0.368109
16.214964, 0.584826, 0.371208
16.242928, 0.594914, 0.375401
16.270930, 0.606980, 0.380818
16.298971, 0.620961, 0.387510
16.327051, 0.636564, 0.395382
16.355170, 0.653180, 0.404151
16.383328, 0.669928, 0.413374
16.411525, 0.685831, 0.422539
16.439762, 0.700023, 0.431184
16.468038, 0.711862, 0.438958
16.496353, 0.720920, 0.445606
16.524708, 0.726938, 0.450928
16.553102, 0.729843, 0.454769
16.581536, 0.729828, 0.457060
16.610010, 0.727391, 0.457871
16.638524, 0.723236, 0.457420
16.667077, 0.718079, 0.456007
16.695671, 0.712462, 0.453921
16.724305, 0.706673, 0.451369
16.752978, 0.700740, 0.448449
16.781693, 0.694462, 0.445142
16.810447, 0.687519, 0.441337
16.839242, 0.679710, 0.436928
16.868078, 0.671224, 0.431960
16.896954, 0.662753, 0.426729
16.925870, 0.655364, 0.421763
16.954828, 0.650247, 0.417695
16.983826, 0.648493, 0.415141
17.012866, 0.650916, 0.414579
17.041946, 0.657903, 0.416282
17.071068, 0.669292, 0.420267
17.100231, 0.684307, 0.426279
17.129435, 0.701618, 0.433822
17.158680, 0.719605, 0.442242
17.187967, 0.736828, 0.450889
17.217295, 0.752433, 0.459288
17.246666, 0.766219, 0.467199
17.276078, 0.778317, 0.474548
17.305531, 0.788800, 0.481291
17.335027, 0.797533, 0.487360
17.364565, 0.804232, 0.492664
17.394144, 0.808593, 0.497093
17.423766, 0.810420, 0.500518
17.453430, 0.809795, 0.502818
17.483137, 0.807196, 0.503971
17.512886, 0.803443, 0.504096
17.542678, 0.799468, 0.503431
17.572512, 0.796052, 0.502236
17.602389, 0.793707, 0.500729
17.632309, 0.792786, 0.499120
17.662271, 0.793759, 0.497753
17.692277, 0.797400, 0.497210
17.722326, 0.804668, 0.498259
17.752418, 0.816343, 0.501623
17.782553, 0.832587, 0.507699
17.812732, 0.852655, 0.516333
17.842954, 0.874896, 0.526767
17.873220, 0.897088, 0.537807
17.903530, 0.917069, 0.548182
17.933883, 0.933435, 0.556970
17.964280, 0.945966, 0.563910
17.994721, 0.955511, 0.569395
18.025206, 0.963430, 0.574195
18.055735, 0.970908, 0.579046
18.086308, 0.978444, 0.584327
18.116926, 0.985664, 0.589888
18.147588, 0.991500, 0.595102
18.178295, 0.994685, 0.599093
18.209047, 0.994359, 0.601084
18.239843, 0.990467, 0.600729
18.270683, 0.983756, 0.598263
18.301569, 0.975345, 0.594358
18.332500, 0.966224, 0.589800
18.363476, 0.957039, 0.585216
18.394497, 0.948192, 0.580995
18.425564, 0.939983, 0.577321
18.456676, 0.932641, 0.574204
18.487833, 0.926319, 0.571487
18.519036, 0.921169, 0.568928
18.550285, 0.917453, 0.566335
18.581579, 0.915490, 0.563643
18.612920, 0.915511, 0.560863
18.644306, 0.917680, 0.558078
18.675739, 0.922375, 0.555552
18.707217, 0.930391, 0.553844
18.738743, 0.942718, 0.553700
18.770314, 0.960031, 0.555755
18.801932, 0.982309, 0.560270
18.833597, 1.008903, 0.567118
18.865308, 1.038898, 0.575978
18.897067, 1.071391, 0.586551
18.928872, 1.105499, 0.598639
18.960724, 1.140270, 0.612108
18.992623, 1.174734, 0.626838
19.024570, 1.208055, 0.642698
19.056564, 1.239552, 0.659547
19.088605, 1.268508, 0.677163
19.120694, 1.293930, 0.695148
19.152831, 1.314499, 0.712826
19.185015, 1.328823, 0.729211
19.217248, 1.336023, 0.743161
19.249528, 1.336396, 0.753740
19.281857, 1.331654, 0.760626
19.314233, 1.324468, 0.764271
19.346658, 1.317558, 0.765653
19.379132, 1.312941, 0.765854
19.411653, 1.311744, 0.765757
19.444224, 1.314517, 0.766048
19.476843, 1.321689, 0.767405
19.509511, 1.333741, 0.770613
19.542229, 1.350961, 0.776468
19.574995, 1.373087, 0.785535
19.607810, 1.399068, 0.797925
19.640675, 1.426994, 0.813208
19.673589, 1.454249, 0.830462
19.706553, 1.477843, 0.848441
19.739566, 1.494811, 0.865705
19.772629, 1.502900, 0.880728
19.805742, 1.501666, 0.892262
19.838905, 1.493092, 0.899920
19.872118, 1.480773, 0.904440
19.905381, 1.468149, 0.907279
19.938694, 1.457001, 0.909825
19.972058, 1.446888, 0.912702
20.005473, 1.435653, 0.915487
20.038938, 1.420720, 0.916964
20.072454, 1.400419, 0.915689
20.106020, 1.374581, 0.910498
20.139638, 1.344361, 0.900787
20.173307, 1.311758, 0.886661
20.207027, 1.279223, 0.869003
20.240799, 1.249243, 0.849355
20.274622, 1.223768, 0.829444
20.308496, 1.203804, 0.810571
20.342422, 1.189641, 0.793382
20.376400, 1.181437, 0.778124
20.410431, 1.179551, 0.765008
20.444513, 1.184541, 0.754361
20.478647, 1.197180, 0.746689
20.512833, 1.218495, 0.742730
20.547072, 1.249578, 0.743395
20.581364, 1.291087, 0.749576
20.615708, 1.342543, 0.761840
20.650105, 1.401620, 0.780095
20.684555, 1.463958, 0.803348
20.719058, 1.524204, 0.829836
20.753614, 1.578194, 0.857643
20.788224, 1.624611, 0.885551
20.822886, 1.664493, 0.913418
20.857603, 1.699306, 0.941757
20.892373, 1.729559, 0.970979
20.927196, 1.754743, 1.000999
20.962074, 1.773737, 1.031341
20.997006, 1.784875, 1.061344
21.031991, 1.785830, 1.090061
21.067031, 1.774051, 1.115821
21.102126, 1.748255, 1.136084
21.137275, 1.710199, 1.148250
21.172478, 1.664912, 1.151098
21.207737, 1.618673, 1.145541
21.243050, 1.576536, 1.134090
21.278419, 1.541337, 1.119831
21.313842, 1.513949, 1.105677
21.349321, 1.493620, 1.093757
21.384855, 1.478250, 1.084842
21.420445, 1.465123, 1.078224
21.456091, 1.452101, 1.072287
21.491792, 1.438548, 1.065407
21.527549, 1.425464, 1.056681
21.563363, 1.414899, 1.046302
21.599232, 1.409040, 1.035482
21.635158, 1.409456, 1.025994
21.671141, 1.416717, 1.019611
21.707180, 1.430118, 1.017670
21.743275, 1.447190, 1.020631
21.779428, 1.463471, 1.027690
21.815638, 1.473461, 1.036812
21.851904, 1.472890, 1.045406
21.888228, 1.460846, 1.051319
21.924610, 1.439996, 1.053533
21.961049, 1.414657, 1.052197
21.997546, 1.388488, 1.048095
22.034100, 1.363528, 1.042084
22.070713, 1.340528, 1.034865
22.107383, 1.319616, 1.026924
22.144112, 1.300936, 1.018498
22.180900, 1.285186, 1.009761
22.217745, 1.273620, 1.001177
22.254650, 1.267273, 0.993520
22.291613, 1.266150, 0.987365
22.328635, 1.269409, 0.982733
22.365717, 1.276322, 0.979389
22.402857, 1.286914, 0.977361
22.440057, 1.301853, 0.977056
22.477316, 1.322016, 0.978982
22.514635, 1.348141, 0.983500
22.552014, 1.380507, 0.990844
22.589453, 1.418367, 1.001239
22.626952, 1.459176, 1.014718
22.664511, 1.498421, 1.030750
22.702131, 1.530785, 1.048213
22.739810, 1.552160, 1.065909
22.777551, 1.560712, 1.083126
22.815353, 1.556212, 1.099572
22.853215, 1.539159, 1.114785
22.891139, 1.511034, 1.127817
22.929123, 1.474692, 1.137668
22.967170, 1.433736, 1.144059
23.005277, 1.391392, 1.147850
23.043447, 1.349832, 1.150699
23.081678, 1.310047, 1.154248
23.119971, 1.272007, 1.159383
23.158327, 1.235090, 1.165935
23.196745, 1.198688, 1.172892
23.235225, 1.162561, 1.179007
23.273768, 1.126609, 1.183430
23.312373, 1.090397, 1.185885
23.351042, 1.053086, 1.186297
23.389773, 1.013884, 1.184217
23.428568, 0.972856, 1.178622
23.467426, 0.931598, 1.168580
23.506348, 0.893002, 1.154219
23.545333, 0.860010, 1.136940
23.584383, 0.834259, 1.118733
23.623496, 0.815479, 1.101323
23.662673, 0.801896, 1.085645
23.701915, 0.791200, 1.071868
23.741221, 0.781393, 1.059759
23.780592, 0.771089, 1.048868
23.820028, 0.759640, 1.038434
23.859528, 0.747323, 1.027637
23.899094, 0.735013, 1.016095
23.938725, 0.723296, 1.003849
23.978421, 0.711983, 0.990753
24.018183, 0.700587, 0.975983
24.058011, 0.689352, 0.958346
24.097905, 0.679911, 0.937564
24.137865, 0.674814, 0.915401
24.177891, 0.676319, 0.895283
24.217983, 0.685405, 0.880672
24.258142, 0.701601, 0.873749
24.298368, 0.723532, 0.875280
24.338661, 0.749575, 0.885335
24.379021, 0.777835, 0.903802
24.419448, 0.805549, 0.930051
24.459943, 0.829013, 0.962331
24.500505, 0.844497, 0.997700
24.541134, 0.849455, 1.032560
24.581832, 0.843209, 1.063329
24.622598, 0.826924, 1.086965
24.663432, 0.803065, 1.101150
24.704335, 0.774917, 1.104403
24.745306, 0.746277, 1.096860
24.786346, 0.720621, 1.081124
24.827455, 0.699908, 1.061592
24.868633, 0.684120, 1.042365
24.909881, 0.671971, 1.025689
24.951198, 0.662070, 1.011975
24.992584, 0.653548, 1.000679
25.034041, 0.645885, 0.991007
25.075567, 0.638316, 0.981948
25.117164, 0.629616, 0.971928
25.158831, 0.618768, 0.959055
25.200568, 0.605961, 0.942317
25.242377, 0.592705, 0.922540
25.284256, 0.580854, 0.901962
25.326206, 0.571480, 0.882912
25.368228, 0.564434, 0.866768
25.410321, 0.558586, 0.853676
25.452485, 0.552394, 0.842686
25.494722, 0.544600, 0.831992
25.537030, 0.534999, 0.819677
25.579411, 0.524800, 0.805086
25.621864, 0.515839, 0.789430
25.664390, 0.509146, 0.774500
25.706988, 0.504371, 0.760924
25.749659, 0.500631, 0.748078
25.792403, 0.497609, 0.735435
25.835221, 0.495603, 0.723350
25.878112, 0.494891, 0.712546
25.921077, 0.495539, 0.703534
25.964116, 0.497673, 0.696701
26.007229, 0.501436, 0.692458
26.050416, 0.506486, 0.690906
26.093677, 0.511740, 0.691320
26.137013, 0.516034, 0.692348
26.180424, 0.519200, 0.693097
26.223910, 0.522273, 0.693946
26.267471, 0.526679, 0.696261
26.311108, 0.533308, 0.701504
26.354820, 0.542122, 0.710458
26.398608, 0.552317, 0.722971
26.442472, 0.562794, 0.738172
26.486413, 0.572570, 0.754803
26.530429, 0.581090, 0.771537
26.574522, 0.588421, 0.787565
26.618692, 0.594722, 0.802849
26.662940, 0.599283, 0.817226
26.707264, 0.600584, 0.829351
26.751665, 0.597745, 0.837202
26.796145, 0.591770, 0.840060
26.840702, 0.584932, 0.839552
26.885337, 0.578984, 0.838278
26.930050, 0.574010, 0.837685
26.974842, 0.568742, 0.837265
27.019712, 0.561907, 0.835602
27.064662, 0.553057, 0.831828
27.109690, 0.542334, 0.825795
27.154798, 0.530173, 0.817598
27.199985, 0.517264, 0.807634
27.245251, 0.504209, 0.796425
27.290598, 0.491258, 0.783958
27.336025, 0.478680, 0.769802
27.381532, 0.467109, 0.753990
27.427119, 0.457383, 0.737476
27.472788, 0.450248, 0.721865
27.518537, 0.446171, 0.708867
27.564367, 0.445105, 0.699658
27.610279, 0.446275, 0.694290
27.656272, 0.448347, 0.691646
27.702348, 0.450094, 0.690107
27.748505, 0.450956, 0.688357
27.794744, 0.451001, 0.685701
27.841067, 0.450523, 0.681880
27.887471, 0.449977, 0.677011
27.933959, 0.450169, 0.671861
27.980530, 0.452021, 0.667721
28.027184, 0.455978, 0.665697
28.073922, 0.461864, 0.666379
28.120743, 0.469204, 0.670065
28.167649, 0.477247, 0.676608
28.214639, 0.484698, 0.684923
28.261713, 0.489724, 0.692951
28.308872, 0.490368, 0.697965
28.356116, 0.485385, 0.697215
28.403446, 0.475007, 0.689184
28.450860, 0.460671, 0.674376
28.498361, 0.443909, 0.654438
28.545947, 0.425881, 0.631047
28.593619, 0.407686, 0.605822
28.641378, 0.390436, 0.580413
28.689223, 0.375018, 0.556373
28.737155, 0.361956, 0.535010
28.785174, 0.351456, 0.517332
28.833280, 0.343482, 0.503959
28.881474, 0.337705, 0.494932
28.929756, 0.333291, 0.489431
28.978126, 0.328823, 0.485565
29.026584, 0.322858, 0.480797
29.075130, 0.314914, 0.473318
29.123765, 0.305664, 0.463027
29.172489, 0.296174, 0.450961
29.221303, 0.287354, 0.438406
29.270206, 0.279819, 0.426495
29.319198, 0.273815, 0.415955
29.368281, 0.269457, 0.407238
29.417453, 0.266954, 0.400839
29.466717, 0.266266, 0.396983
29.516071, 0.266554, 0.394908
29.565515, 0.266356, 0.392901
29.615051, 0.264493, 0.389317
29.664679, 0.260745, 0.383458
29.714398, 0.255739, 0.375596
29.764209, 0.250456, 0.366615
29.814113, 0.245847, 0.357758
29.864109, 0.242567, 0.350260
29.914197, 0.240783, 0.344788
29.964379, 0.240130, 0.341163
30.014654, 0.239979, 0.338667
30.065022, 0.239874, 0.336687
30.115484, 0.239794, 0.335071
30.166041, 0.240116, 0.334118
30.216691, 0.241242, 0.334260
30.267436, 0.243089, 0.335537
30.318276, 0.244990, 0.337316
30.369211, 0.246194, 0.338661
30.420242, 0.246449, 0.339082
30.471368, 0.246009, 0.338783
30.522589, 0.245136, 0.338094
30.573908, 0.243732, 0.336840
30.625322, 0.241527, 0.334471
30.676833, 0.238549, 0.330766
30.728442, 0.235274, 0.326264
30.780147, 0.232325, 0.321980
30.831950, 0.229948, 0.318615
30.883851, 0.227801, 0.316009
30.935850, 0.225394, 0.313518
30.987947, 0.222617, 0.310754
31.040143, 0.219738, 0.307768
31.092438, 0.217075, 0.304799
31.144832, 0.214852, 0.302135
31.197326, 0.213246, 0.300070
31.249919, 0.212311, 0.298658
31.302613, 0.211884, 0.297498
31.355406, 0.211873, 0.296178
31.408301, 0.212529, 0.294987
31.461296, 0.214172, 0.294718
31.514393, 0.216677, 0.295761
31.567591, 0.219351, 0.297635
31.620891, 0.221372, 0.299378
31.674292, 0.222369, 0.300346
31.727797, 0.222417, 0.300490
31.781404, 0.221528, 0.299856
31.835114, 0.219569, 0.298271
31.888927, 0.216655, 0.295686
31.942844, 0.213224, 0.292420
31.996864, 0.209718, 0.288934
32.050989, 0.206388, 0.285588
32.105219, 0.203296, 0.282507
32.159553, 0.200407, 0.279652
32.213992, 0.197661, 0.276962
32.268536, 0.194952, 0.274299
32.323186, 0.192149, 0.271373
32.377943, 0.189213, 0.267960
32.432805, 0.186248, 0.264136
32.487774, 0.183424, 0.260185
32.542850, 0.180953, 0.256503
32.598033, 0.178966, 0.253447
32.653324, 0.177368, 0.251002
32.708723, 0.176019, 0.248848
32.764230, 0.175053, 0.246948
32.819845, 0.174760, 0.245712
32.875569, 0.175091, 0.245327
32.931403, 0.175582, 0.245313
32.987345, 0.175896, 0.245174
33.043398, 0.176032, 0.244972
33.099560, 0.175975, 0.244883
33.155833, 0.175550, 0.244688
33.212217, 0.174667, 0.243983
33.268712, 0.173419, 0.242558
33.325318, 0.172021, 0.240529
33.382036, 0.170817, 0.238442
33.438866, 0.170008, 0.236861
33.495809, 0.169349, 0.235707
33.552864, 0.168362, 0.234344
33.610032, 0.166747, 0.232130
33.667314, 0.164633, 0.228903
33.724710, 0.162485, 0.225188
33.782219, 0.160772, 0.221823
33.839843, 0.159783, 0.219367
33.897582, 0.159603, 0.217916
33.955435, 0.160086, 0.217263
34.013405, 0.160794, 0.216994
34.071490, 0.161252, 0.216667
34.129691, 0.161371, 0.216193
34.188009, 0.161416, 0.215866
34.246443, 0.161629, 0.215988
34.304995, 0.162141, 0.216770
34.363664, 0.162834, 0.218192
34.422451, 0.163058, 0.219544
34.481357, 0.161920, 0.219505
34.540381, 0.159069, 0.217102
34.599524, 0.155001, 0.212451
34.658786, 0.150618, 0.206570
34.718168, 0.146602, 0.200583
34.777670, 0.143327, 0.195276
34.837293, 0.141014, 0.191135
34.897036, 0.139609, 0.188168
34.956901, 0.138744, 0.185916
35.016887, 0.138065, 0.183935
35.076995, 0.137410, 0.182074
35.137225, 0.136763, 0.180388
35.197578, 0.136187, 0.178968
35.258054, 0.135727, 0.177778
35.318653, 0.135266, 0.176615
35.379376, 0.134494, 0.175161
35.440223, 0.133230, 0.173265
35.501195, 0.131761, 0.171201
35.562291, 0.130628, 0.169501
35.623513, 0.130115, 0.168538
35.684861, 0.130017, 0.168226
35.746334, 0.129939, 0.168184
35.807935, 0.129638, 0.168065
35.869661, 0.129173, 0.167806
35.931516, 0.128865, 0.167750
35.993498, 0.128980, 0.168364
36.055607, 0.129456, 0.169778
36.117846, 0.129883, 0.171555
36.180213, 0.129792, 0.172908
36.242709, 0.129059, 0.173356
36.305335, 0.127957, 0.173075
36.368091, 0.126724, 0.172383
36.430978, 0.125495, 0.171508
36.493995, 0.124452, 0.170862
36.557144, 0.123469, 0.170582
36.620424, 0.122027, 0.170074
36.683836, 0.119838, 0.168699
36.747381, 0.117142, 0.166430
36.811059, 0.114368, 0.163655
36.874870, 0.111828, 0.160773
36.938815, 0.109537, 0.157888
37.002894, 0.107340, 0.154924
37.067107, 0.105195, 0.151958
37.131456, 0.103245, 0.149259
37.195940, 0.101657, 0.147123
37.260560, 0.100253, 0.145412
37.325316, 0.098549, 0.143421
37.390209, 0.096400, 0.140679
37.455239, 0.094248, 0.137618
37.520407, 0.092462, 0.134846
37.585712, 0.090966, 0.132357
37.651157, 0.089645, 0.129989
37.716740, 0.088627, 0.128027
37.782462, 0.087821, 0.126617
37.848324, 0.086673, 0.125067
37.914327, 0.084871, 0.122632
37.980470, 0.082726, 0.119422
38.046754, 0.080730, 0.116130
38.113180, 0.079095, 0.113216
38.179748, 0.077747, 0.110670
38.246459, 0.076575, 0.108338
38.313313, 0.075519, 0.106134
38.380309, 0.074580, 0.104096
38.447450, 0.073854, 0.102362
38.514735, 0.073406, 0.100969
38.582165, 0.073290, 0.099935
38.649741, 0.073597, 0.099412
38.717462, 0.074306, 0.099492
38.785329, 0.075195, 0.099990
38.853343, 0.076114, 0.100724
38.921504, 0.077081, 0.101700
38.989813, 0.077973, 0.102806
39.058270, 0.078543, 0.103734
39.126876, 0.078723, 0.104277
39.195630, 0.078672, 0.104541
39.264535, 0.078590, 0.104857
39.333589, 0.078462, 0.105357
39.402794, 0.078080, 0.105712
39.472150, 0.077431, 0.105632
39.541658, 0.076719, 0.105304
39.611317, 0.075986, 0.104904
39.681129, 0.075037, 0.104212
39.751095, 0.073697, 0.102943
39.821214, 0.072122, 0.101190
39.891486, 0.070602, 0.099292
39.961914, 0.069151, 0.097343
40.032496, 0.067556, 0.095113
40.103235, 0.065837, 0.092623
40.174129, 0.064341, 0.090396
40.245180, 0.063227, 0.088739
40.316388, 0.062315, 0.087388
40.387754, 0.061495, 0.086065
40.459278, 0.060873, 0.084861
40.530960, 0.060519, 0.084010
40.602802, 0.060265, 0.083474
40.674804, 0.059779, 0.082791
40.746966, 0.059046, 0.081731
40.819289, 0.058370, 0.080583
40.891773, 0.057966, 0.079690
40.964420, 0.057866, 0.079150
41.037228, 0.058123, 0.079038
41.110200, 0.058639, 0.079345
41.183335, 0.058986, 0.079628
41.256635, 0.058856, 0.079448
41.330099, 0.058301, 0.078789
41.403728, 0.057446, 0.077775
41.477524, 0.056390, 0.076456
41.551485, 0.055415, 0.075146
41.625614, 0.054851, 0.074393
41.699909, 0.054765, 0.074554
41.774373, 0.054936, 0.075475
41.849006, 0.055149, 0.076664
41.923808, 0.055225, 0.077632
41.998779, 0.055007, 0.078062
42.073921, 0.054591, 0.077995
42.149234, 0.054040, 0.077460
42.224718, 0.053451, 0.076646
42.300375, 0.053028, 0.076056
42.376204, 0.052645, 0.075675
42.452206, 0.051926, 0.074917
42.528383, 0.050723, 0.073439
42.604733, 0.049167, 0.071377
42.681259, 0.047539, 0.069147
42.757961, 0.046154, 0.067224
42.834838, 0.045013, 0.065598
42.911893, 0.043851, 0.063820
42.989125, 0.042552, 0.061667
43.066536, 0.041324, 0.059488
43.144125, 0.040454, 0.057783
43.221893, 0.040036, 0.056708
43.299841, 0.039963, 0.056206
43.377970, 0.039989, 0.056070
43.456281, 0.039826, 0.055903
43.534773, 0.039315, 0.055384
43.613447, 0.038461, 0.054411
43.692305, 0.037276, 0.052978
43.771346, 0.035910, 0.051294
43.850572, 0.034667, 0.049774
43.929983, 0.033674, 0.048610
44.009580, 0.032914, 0.047779
44.089363, 0.032335, 0.047183
44.169333, 0.031817, 0.046585
44.249490, 0.031282, 0.045839
44.329836, 0.030782, 0.045102
44.410371, 0.030432, 0.044608
44.491096, 0.030250, 0.044372
44.572011, 0.030095, 0.044151
44.653117, 0.029881, 0.043728
44.734415, 0.029665, 0.043115
44.815905, 0.029649, 0.042680
44.897588, 0.029872, 0.042614
44.979465, 0.030085, 0.042598
45.061537, 0.030063, 0.042352
45.143803, 0.029764, 0.041860
45.226265, 0.029243, 0.041106
45.308924, 0.028641, 0.040204
45.391780, 0.028101, 0.039361
45.474834, 0.027720, 0.038709
45.558087, 0.027417, 0.038117
45.641539, 0.027052, 0.037384
45.725191, 0.026621, 0.036546
45.809044, 0.026176, 0.035766
45.893098, 0.025790, 0.035147
45.977355, 0.025489, 0.034658
46.061814, 0.025225, 0.034216
46.146477, 0.024950, 0.033771
46.231345, 0.024624, 0.033285
46.316418, 0.024213, 0.032662
46.401697, 0.023831, 0.031944
46.487183, 0.023582, 0.031282
46.572876, 0.023369, 0.030724
46.658777, 0.023037, 0.030161
46.744887, 0.022517, 0.029459
46.831207, 0.021881, 0.028633
46.917737, 0.021322, 0.027869
47.004479, 0.020887, 0.027244
47.091432, 0.020419, 0.026642
47.178599, 0.019837, 0.025990
47.265979, 0.019249, 0.025334
47.353573, 0.018652, 0.024637
47.441382, 0.017951, 0.023803
47.529408, 0.017259, 0.022976
47.617650, 0.016657, 0.022257
47.706110, 0.016102, 0.021547
47.794788, 0.015627, 0.020854
47.883685, 0.015267, 0.020266
47.972803, 0.014971, 0.019795
48.062141, 0.014709, 0.019428
48.151701, 0.014470, 0.019112
48.241483, 0.014258, 0.018795
48.331488, 0.014058, 0.018433
48.421718, 0.013775, 0.017944
48.512172, 0.013443, 0.017382
48.602853, 0.013236, 0.016935
48.693760, 0.013258, 0.016724
48.784894, 0.013474, 0.016725
48.876257, 0.013808, 0.016876
48.967849, 0.014172, 0.017076
49.059671, 0.014601, 0.017339
49.151724, 0.015234, 0.017835
49.244009, 0.016069, 0.018634
49.336526, 0.016977, 0.019664
49.429277, 0.017777, 0.020841
49.522263, 0.018158, 0.021824
49.615484, 0.018120, 0.022371
49.708941, 0.017912, 0.022622
49.802635, 0.017676, 0.022691
49.896568, 0.017446, 0.022680
49.990739, 0.017133, 0.022632
50.085150, 0.016706, 0.022509
50.179802, 0.016188, 0.022215
50.274695, 0.015650, 0.021758
50.369832, 0.015086, 0.021161
50.465211, 0.014508, 0.020510
50.560836, 0.013962, 0.019853
50.656705, 0.013531, 0.019279
50.752821, 0.013199, 0.018840
50.849185, 0.012826, 0.018336
50.945796, 0.012417, 0.017688
51.042657, 0.012138, 0.017151
51.139769, 0.011944, 0.016761
51.237131, 0.011731, 0.016394
51.334745, 0.011516, 0.016025
51.432613, 0.011319, 0.015659
51.530735, 0.011137, 0.015310
51.629112, 0.011014, 0.015048
51.727745, 0.010964, 0.014906
51.826635, 0.010964, 0.014857
51.925783, 0.011026, 0.014923
52.025191, 0.011144, 0.015108
52.124858, 0.011207, 0.015258
52.224787, 0.011129, 0.015246
52.324978, 0.010884, 0.015001
52.425432, 0.010575, 0.014593
52.526151, 0.010443, 0.014364
52.627135, 0.010523, 0.014409
52.728385, 0.010646, 0.014528
52.829903, 0.010653, 0.014532
52.931689, 0.010502, 0.014364
53.033744, 0.010259, 0.014067
53.136071, 0.010020, 0.013741
53.238669, 0.009894, 0.013553
53.341539, 0.009795, 0.013408
53.444684, 0.009623, 0.013165
53.548104, 0.009415, 0.012886
53.651799, 0.009168, 0.012558
53.755772, 0.008877, 0.012142
53.860024, 0.008689, 0.011850
53.964554, 0.008612, 0.011711
54.069365, 0.008551, 0.011578
54.174458, 0.008527, 0.011500
54.279834, 0.008522, 0.011477
54.385493, 0.008504, 0.011449
54.491438, 0.008349, 0.011226
54.597669, 0.008059, 0.010811
54.704187, 0.007767, 0.010406
54.810994, 0.007501, 0.010045
54.918091, 0.007286, 0.009739
55.025479, 0.007198, 0.009575
55.133158, 0.007197, 0.009520
55.241131, 0.007179, 0.009473
55.349399, 0.007054, 0.009300
55.457962, 0.006887, 0.009062
55.566823, 0.006757, 0.008867
55.675981, 0.006586, 0.008620
55.785439, 0.006392, 0.008342
55.895197, 0.006189, 0.008062
56.005257, 0.005994, 0.007794
56.115621, 0.005829, 0.007568
56.226289, 0.005635, 0.007324
56.337262, 0.005365, 0.006985
56.448542, 0.005112, 0.006653
56.560131, 0.004929, 0.006404
56.672029, 0.004747, 0.006156
56.784237, 0.004541, 0.005872
56.896758, 0.004304, 0.005543
57.009592, 0.004083, 0.005235
57.122740, 0.003956, 0.005053
57.236205, 0.003867, 0.004927
57.349987, 0.003723, 0.004738
57.464087, 0.003523, 0.004474
57.578508, 0.003316, 0.004203
57.693250, 0.003140, 0.003972
57.808314, 0.003020, 0.003811
57.923703, 0.002947, 0.003710
58.039416, 0.002845, 0.003569
58.155457, 0.002691, 0.003359
58.271826, 0.002517, 0.003128
58.388524, 0.002393, 0.002966
58.505553, 0.002314, 0.002862
58.622915, 0.002205, 0.002718
58.740611, 0.002067, 0.002538
58.858641, 0.001934, 0.002373
58.977009, 0.001830, 0.002246
59.095714, 0.001744, 0.002136
59.214759, 0.001658, 0.002022
59.334145, 0.001569, 0.001903
59.453873, 0.001462, 0.001761
59.573946, 0.001349, 0.001613
59.694364, 0.001262, 0.001501
59.815128, 0.001213, 0.001439
59.936241, 0.001176, 0.001392
60.057704, 0.001111, 0.001309
60.179519, 0.001031, 0.001207
60.301686, 0.000964, 0.001120
60.424208, 0.000910, 0.001050
60.547086, 0.000867, 0.000993
60.670322, 0.000833, 0.000949
60.793917, 0.000808, 0.000917
60.917873, 0.000788, 0.000891
61.042191, 0.000771, 0.000868
61.166872, 0.000753, 0.000846
61.291920, 0.000736, 0.000825
61.417334, 0.000722, 0.000806
61.543117, 0.000709, 0.000790
61.669271, 0.000698, 0.000776
61.795797, 0.000688, 0.000763
61.922696, 0.000678, 0.000752
62.049971, 0.000669, 0.000741
