# energy, eels_NLFC_w, eels_LFC_w
0.000000, -0.000000, -0.000000
0.010004, 0.000047, 0.000029
0.020017, 0.000095, 0.000058
0.030037, 0.000142, 0.000086
0.040066, 0.000190, 0.000115
0.050104, 0.000237, 0.000144
0.060149, 0.000285, 0.000173
0.070204, 0.000333, 0.000202
0.080266, 0.000381, 0.000231
0.090337, 0.000428, 0.000260
0.100416, 0.000476, 0.000289
0.110503, 0.000524, 0.000318
0.120599, 0.000572, 0.000347
0.130704, 0.000621, 0.000377
0.140817, 0.000669, 0.000406
0.150938, 0.000717, 0.000435
0.161067, 0.000766, 0.000465
0.171206, 0.000814, 0.000494
0.181352, 0.000863, 0.000524
0.191507, 0.000912, 0.000553
0.201671, 0.000961, 0.000583
0.211843, 0.001010, 0.000613
0.222023, 0.001059, 0.000643
0.232212, 0.001108, 0.000672
0.242410, 0.001158, 0.000702
0.252616, 0.001207, 0.000732
0.262831, 0.001257, 0.000763
0.273054, 0.001307, 0.000793
0.283286, 0.001357, 0.000823
0.293526, 0.001407, 0.000854
0.303775, 0.001458, 0.000884
0.314032, 0.001508, 0.000915
0.324299, 0.001559, 0.000945
0.334573, 0.001610, 0.000976
0.344857, 0.001661, 0.001007
0.355149, 0.001712, 0.001038
0.365449, 0.001764, 0.001069
0.375759, 0.001816, 0.001101
0.386077, 0.001868, 0.001132
0.396404, 0.001920, 0.001163
0.406739, 0.001972, 0.001195
0.417083, 0.002025, 0.001227
0.427436, 0.002078, 0.001259
0.437798, 0.002131, 0.001291
0.448168, 0.002184, 0.001323
0.458547, 0.002238, 0.001355
0.468935, 0.002292, 0.001388
0.479332, 0.002346, 0.001421
0.489737, 0.002400, 0.001453
0.500151, 0.002455, 0.001486
0.510574, 0.002510, 0.001520
0.521006, 0.002566, 0.001553
0.531447, 0.002621, 0.001586
0.541896, 0.002677, 0.001620
0.552355, 0.002734, 0.001654
0.562822, 0.002790, 0.001688
0.573298, 0.002847, 0.001722
0.583783, 0.002905, 0.001757
0.594277, 0.002962, 0.001791
0.604780, 0.003020, 0.001826
0.615292, 0.003079, 0.001861
0.625812, 0.003138, 0.001897
0.636342, 0.003197, 0.001932
0.646881, 0.003257, 0.001968
0.657428, 0.003317, 0.002004
0.667985, 0.003378, 0.002041
0.678550, 0.003439, 0.002077
0.689125, 0.003500, 0.002114
0.699708, 0.003562, 0.002151
0.710301, 0.003625, 0.002188
0.720903, 0.003688, 0.002226
0.731513, 0.003751, 0.002264
0.742133, 0.003815, 0.002302
0.752762, 0.003880, 0.002341
0.763400, 0.003945, 0.002380
0.774047, 0.004011, 0.002419
0.784703, 0.004077, 0.002458
0.795368, 0.004144, 0.002498
0.806042, 0.004212, 0.002538
0.816726, 0.004280, 0.002579
0.827418, 0.004349, 0.002620
0.838120, 0.004419, 0.002661
0.848831, 0.004489, 0.002703
0.859551, 0.004560, 0.002745
0.870280, 0.004632, 0.002788
0.881019, 0.004704, 0.002831
0.891767, 0.004778, 0.002874
0.902524, 0.004852, 0.002918
0.913290, 0.004927, 0.002963
0.924066, 0.005003, 0.003008
0.934850, 0.005080, 0.003053
0.945645, 0.005157, 0.003099
0.956448, 0.005236, 0.003145
0.967261, 0.005316, 0.003192
0.978083, 0.005396, 0.003240
0.988914, 0.005478, 0.003288
0.999755, 0.005561, 0.003337
1.010605, 0.005645, 0.003387
1.021464, 0.005730, 0.003437
1.032333, 0.005817, 0.003488
1.043211, 0.005905, 0.003539
1.054099, 0.005994, 0.003591
1.064996, 0.006084, 0.003644
1.075902, 0.006176, 0.003698
1.086818, 0.006269, 0.003753
1.097744, 0.006364, 0.003809
1.108678, 0.006460, 0.003865
1.119623, 0.006558, 0.003922
1.130576, 0.006658, 0.003981
1.141540, 0.006759, 0.004040
1.152512, 0.006863, 0.004100
1.163495, 0.006968, 0.004162
1.174487, 0.007075, 0.004224
1.185488, 0.007184, 0.004288
1.196499, 0.007295, 0.004352
1.207520, 0.007408, 0.004418
1.218550, 0.007524, 0.004485
1.229590, 0.007641, 0.004553
1.240639, 0.007761, 0.004623
1.251698, 0.007883, 0.004694
1.262767, 0.008007, 0.004766
1.273845, 0.008133, 0.004839
1.284933, 0.008262, 0.004913
1.296031, 0.008392, 0.004989
1.307138, 0.008525, 0.005066
1.318255, 0.008660, 0.005144
1.329382, 0.008798, 0.005223
1.340518, 0.008938, 0.005304
1.351664, 0.009081, 0.005386
1.362820, 0.009226, 0.005470
1.373986, 0.009374, 0.005555
1.385162, 0.009525, 0.005642
1.396347, 0.009680, 0.005731
1.407542, 0.009839, 0.005822
1.418747, 0.010002, 0.005916
1.429962, 0.010169, 0.006011
1.441186, 0.010341, 0.006110
1.452421, 0.010519, 0.006212
1.463665, 0.010702, 0.006316
1.474920, 0.010891, 0.006425
1.486184, 0.011087, 0.006536
1.497458, 0.011289, 0.006652
1.508742, 0.011499, 0.006772
1.520036, 0.011717, 0.006896
1.531339, 0.011943, 0.007025
1.542653, 0.012178, 0.007159
1.553977, 0.012422, 0.007298
1.565311, 0.012677, 0.007443
1.576655, 0.012941, 0.007593
1.588008, 0.013217, 0.007750
1.599372, 0.013504, 0.007913
1.610746, 0.013803, 0.008083
1.622130, 0.014116, 0.008260
1.633524, 0.014442, 0.008445
1.644928, 0.014781, 0.008638
1.656342, 0.015135, 0.008838
1.667767, 0.015504, 0.009047
1.679201, 0.015888, 0.009265
1.690646, 0.016288, 0.009491
1.702100, 0.016702, 0.009725
1.713565, 0.017132, 0.009968
1.725040, 0.017575, 0.010219
1.736525, 0.018032, 0.010477
1.748021, 0.018502, 0.010741
1.759526, 0.018982, 0.011012
1.771042, 0.019471, 0.011287
1.782568, 0.019968, 0.011566
1.794105, 0.020470, 0.011848
1.805651, 0.020978, 0.012132
1.817208, 0.021489, 0.012418
1.828776, 0.022003, 0.012704
1.840353, 0.022521, 0.012992
1.851941, 0.023045, 0.013282
1.863539, 0.023576, 0.013576
1.875148, 0.024118, 0.013875
1.886767, 0.024675, 0.014181
1.898396, 0.025251, 0.014496
1.910036, 0.025849, 0.014824
1.921686, 0.026475, 0.015166
1.933346, 0.027132, 0.015526
1.945017, 0.027823, 0.015904
1.956699, 0.028550, 0.016302
1.968391, 0.029315, 0.016721
1.980093, 0.030116, 0.017160
1.991806, 0.030952, 0.017620
2.003529, 0.031819, 0.018098
2.015263, 0.032711, 0.018591
2.027008, 0.033621, 0.019095
2.038763, 0.034540, 0.019606
2.050528, 0.035457, 0.020118
2.062305, 0.036360, 0.020623
2.074091, 0.037237, 0.021116
2.085889, 0.038076, 0.021591
2.097697, 0.038869, 0.022040
2.109515, 0.039606, 0.022460
2.121344, 0.040285, 0.022848
2.133184, 0.040906, 0.023203
2.145035, 0.041473, 0.023527
2.156896, 0.041995, 0.023824
2.168768, 0.042483, 0.024101
2.180651, 0.042952, 0.024364
2.192545, 0.043417, 0.024623
2.204449, 0.043896, 0.024886
2.216364, 0.044403, 0.025163
2.228289, 0.044953, 0.025462
2.240226, 0.045559, 0.025789
2.252173, 0.046230, 0.026152
2.264132, 0.046975, 0.026553
2.276101, 0.047797, 0.026997
2.288081, 0.048698, 0.027484
2.300071, 0.049679, 0.028015
2.312073, 0.050736, 0.028589
2.324086, 0.051863, 0.029201
2.336109, 0.053051, 0.029849
2.348143, 0.054291, 0.030527
2.360189, 0.055569, 0.031227
2.372245, 0.056871, 0.031942
2.384312, 0.058182, 0.032663
2.396391, 0.059484, 0.033381
2.408480, 0.060762, 0.034088
2.420580, 0.061998, 0.034774
2.432691, 0.063179, 0.035430
2.444814, 0.064293, 0.036051
2.456947, 0.065331, 0.036631
2.469092, 0.066286, 0.037166
2.481247, 0.067160, 0.037655
2.493414, 0.067953, 0.038100
2.505592, 0.068675, 0.038504
2.517781, 0.069338, 0.038873
2.529981, 0.069958, 0.039216
2.542192, 0.070554, 0.039542
2.554415, 0.071147, 0.039864
2.566649, 0.071758, 0.040192
2.578894, 0.072407, 0.040537
2.591150, 0.073113, 0.040911
2.603417, 0.073889, 0.041321
2.615696, 0.074746, 0.041774
2.627986, 0.075687, 0.042272
2.640287, 0.076714, 0.042816
2.652600, 0.077822, 0.043405
2.664923, 0.079002, 0.044035
2.677259, 0.080243, 0.044699
2.689605, 0.081532, 0.045390
2.701963, 0.082852, 0.046100
2.714332, 0.084188, 0.046820
2.726713, 0.085522, 0.047540
2.739105, 0.086837, 0.048253
2.751509, 0.088117, 0.048948
2.763924, 0.089347, 0.049617
2.776351, 0.090512, 0.050253
2.788789, 0.091603, 0.050849
2.801238, 0.092612, 0.051402
2.813699, 0.093539, 0.051910
2.826172, 0.094388, 0.052376
2.838656, 0.095168, 0.052802
2.851151, 0.095896, 0.053198
2.863659, 0.096588, 0.053573
2.876177, 0.097266, 0.053937
2.888708, 0.097951, 0.054302
2.901250, 0.098658, 0.054677
2.913804, 0.099403, 0.055071
2.926369, 0.100194, 0.055489
2.938946, 0.101034, 0.055933
2.951535, 0.101924, 0.056404
2.964135, 0.102860, 0.056899
2.976747, 0.103835, 0.057416
2.989371, 0.104844, 0.057952
3.002007, 0.105880, 0.058502
3.014654, 0.106942, 0.059065
3.027314, 0.108027, 0.059641
3.039985, 0.109139, 0.060230
3.052668, 0.110281, 0.060835
3.065362, 0.111460, 0.061461
3.078069, 0.112683, 0.062110
3.090787, 0.113956, 0.062787
3.103518, 0.115279, 0.063493
3.116260, 0.116650, 0.064229
3.129014, 0.118062, 0.064991
3.141780, 0.119502, 0.065773
3.154558, 0.120951, 0.066566
3.167348, 0.122392, 0.067359
3.180150, 0.123805, 0.068142
3.192965, 0.125175, 0.068905
3.205791, 0.126492, 0.069642
3.218629, 0.127755, 0.070351
3.231479, 0.128971, 0.071032
3.244341, 0.130156, 0.071694
3.257215, 0.131335, 0.072348
3.270102, 0.132537, 0.073008
3.283001, 0.133794, 0.073693
3.295911, 0.135139, 0.074419
3.308834, 0.136601, 0.075203
3.321769, 0.138206, 0.076061
3.334716, 0.139971, 0.077004
3.347676, 0.141905, 0.078039
3.360648, 0.144006, 0.079168
3.373632, 0.146261, 0.080389
3.386628, 0.148646, 0.081691
3.399636, 0.151124, 0.083060
3.412657, 0.153649, 0.084473
3.425690, 0.156166, 0.085904
3.438736, 0.158616, 0.087323
3.451793, 0.160939, 0.088697
3.464864, 0.163078, 0.089995
3.477946, 0.164985, 0.091188
3.491041, 0.166622, 0.092249
3.504149, 0.167965, 0.093161
3.517268, 0.169009, 0.093912
3.530401, 0.169761, 0.094500
3.543545, 0.170247, 0.094932
3.556703, 0.170503, 0.095222
3.569872, 0.170573, 0.095390
3.583055, 0.170508, 0.095462
3.596250, 0.170357, 0.095465
3.609457, 0.170168, 0.095426
3.622677, 0.169979, 0.095370
3.635910, 0.169825, 0.095317
3.649155, 0.169733, 0.095288
3.662413, 0.169723, 0.095295
3.675683, 0.169809, 0.095350
3.688966, 0.170003, 0.095461
3.702262, 0.170312, 0.095635
3.715571, 0.170741, 0.095875
3.728892, 0.171291, 0.096184
3.742226, 0.171961, 0.096562
3.755573, 0.172750, 0.097008
3.768933, 0.173653, 0.097520
3.782305, 0.174663, 0.098094
3.795690, 0.175771, 0.098727
3.809088, 0.176968, 0.099413
3.822499, 0.178244, 0.100147
3.835923, 0.179591, 0.100925
3.849360, 0.181002, 0.101743
3.862809, 0.182473, 0.102598
3.876272, 0.184000, 0.103492
3.889747, 0.185582, 0.104422
3.903236, 0.187216, 0.105390
3.916737, 0.188893, 0.106394
3.930252, 0.190598, 0.107427
3.943779, 0.192307, 0.108479
3.957320, 0.193986, 0.109534
3.970873, 0.195587, 0.110569
3.984440, 0.197056, 0.111554
3.998020, 0.198331, 0.112455
4.011613, 0.199352, 0.113234
4.025219, 0.200063, 0.113857
4.038838, 0.200424, 0.114293
4.052470, 0.200414, 0.114520
4.066116, 0.200040, 0.114532
4.079774, 0.199336, 0.114339
4.093446, 0.198366, 0.113967
4.107132, 0.197217, 0.113459
4.120830, 0.195992, 0.112870
4.134542, 0.194802, 0.112263
4.148267, 0.193751, 0.111700
4.162005, 0.192934, 0.111242
4.175757, 0.192422, 0.110936
4.189522, 0.192266, 0.110819
4.203301, 0.192484, 0.110911
4.217093, 0.193068, 0.111218
4.230898, 0.193980, 0.111726
4.244717, 0.195158, 0.112408
4.258550, 0.196518, 0.113221
4.272395, 0.197957, 0.114113
4.286255, 0.199367, 0.115022
4.300127, 0.200635, 0.115883
4.314014, 0.201657, 0.116633
4.327914, 0.202346, 0.117214
4.341827, 0.202638, 0.117578
4.355754, 0.202498, 0.117695
4.369695, 0.201927, 0.117553
4.383650, 0.200960, 0.117158
4.397618, 0.199659, 0.116540
4.411599, 0.198112, 0.115741
4.425595, 0.196419, 0.114817
4.439604, 0.194684, 0.113828
4.453627, 0.193003, 0.112833
4.467664, 0.191458, 0.111884
4.481714, 0.190114, 0.111027
4.495779, 0.189017, 0.110293
4.509857, 0.188196, 0.109707
4.523949, 0.187664, 0.109281
4.538054, 0.187425, 0.109021
4.552174, 0.187472, 0.108929
4.566308, 0.187792, 0.109000
4.580455, 0.188365, 0.109226
4.594617, 0.189166, 0.109594
4.608792, 0.190163, 0.110090
4.622982, 0.191318, 0.110693
4.637185, 0.192591, 0.111381
4.651403, 0.193933, 0.112130
4.665635, 0.195296, 0.112912
4.679880, 0.196629, 0.113698
4.694140, 0.197881, 0.114459
4.708414, 0.199006, 0.115166
4.722702, 0.199962, 0.115793
4.737004, 0.200718, 0.116318
4.751320, 0.201257, 0.116726
4.765651, 0.201577, 0.117010
4.779996, 0.201692, 0.117174
4.794355, 0.201630, 0.117228
4.808728, 0.201432, 0.117193
4.823116, 0.201141, 0.117091
4.837517, 0.200798, 0.116947
4.851934, 0.200435, 0.116781
4.866364, 0.200073, 0.116604
4.880809, 0.199714, 0.116422
4.895268, 0.199351, 0.116232
4.909742, 0.198962, 0.116022
4.924230, 0.198523, 0.115777
4.938733, 0.198008, 0.115480
4.953250, 0.197398, 0.115120
4.967782, 0.196685, 0.114685
4.982328, 0.195872, 0.114176
4.996889, 0.194975, 0.113598
5.011464, 0.194021, 0.112965
5.026054, 0.193045, 0.112296
5.040658, 0.192088, 0.111615
5.055277, 0.191191, 0.110946
5.069911, 0.190392, 0.110314
5.084559, 0.189723, 0.109739
5.099222, 0.189211, 0.109241
5.113900, 0.188875, 0.108832
5.128593, 0.188723, 0.108522
5.143300, 0.188760, 0.108316
5.158022, 0.188984, 0.108213
5.172759, 0.189385, 0.108213
5.187511, 0.189954, 0.108308
5.202277, 0.190678, 0.108493
5.217059, 0.191544, 0.108759
5.231855, 0.192536, 0.109097
5.246667, 0.193642, 0.109498
5.261493, 0.194846, 0.109952
5.276334, 0.196133, 0.110449
5.291190, 0.197490, 0.110979
5.306062, 0.198906, 0.111534
5.320948, 0.200371, 0.112108
5.335849, 0.201881, 0.112699
5.350766, 0.203437, 0.113304
5.365697, 0.205045, 0.113926
5.380644, 0.206711, 0.114571
5.395605, 0.208447, 0.115244
5.410582, 0.210262, 0.115952
5.425575, 0.212166, 0.116701
5.440582, 0.214168, 0.117498
5.455604, 0.216275, 0.118348
5.470642, 0.218492, 0.119254
5.485696, 0.220822, 0.120222
5.500764, 0.223270, 0.121253
5.515848, 0.225842, 0.122350
5.530947, 0.228543, 0.123518
5.546062, 0.231384, 0.124762
5.561191, 0.234377, 0.126086
5.576337, 0.237536, 0.127497
5.591498, 0.240873, 0.129002
5.606674, 0.244399, 0.130606
5.621866, 0.248121, 0.132312
5.637073, 0.252041, 0.134121
5.652296, 0.256157, 0.136032
5.667534, 0.260463, 0.138042
5.682789, 0.264954, 0.140148
5.698058, 0.269622, 0.142348
5.713343, 0.274460, 0.144639
5.728644, 0.279461, 0.147017
5.743961, 0.284615, 0.149480
5.759294, 0.289915, 0.152026
5.774642, 0.295348, 0.154649
5.790006, 0.300902, 0.157343
5.805385, 0.306557, 0.160099
5.820781, 0.312288, 0.162902
5.836192, 0.318061, 0.165734
5.851619, 0.323834, 0.168571
5.867062, 0.329557, 0.171382
5.882521, 0.335183, 0.174139
5.897996, 0.340667, 0.176811
5.913487, 0.345983, 0.179376
5.928994, 0.351123, 0.181821
5.944517, 0.356107, 0.184146
5.960056, 0.360985, 0.186368
5.975611, 0.365833, 0.188519
5.991182, 0.370753, 0.190643
6.006769, 0.375861, 0.192796
6.022372, 0.381279, 0.195041
6.037992, 0.387125, 0.197438
6.053627, 0.393500, 0.200043
6.069279, 0.400483, 0.202900
6.084947, 0.408126, 0.206044
6.100632, 0.416449, 0.209492
6.116332, 0.425443, 0.213251
6.132049, 0.435070, 0.217310
6.147782, 0.445260, 0.221648
6.163532, 0.455924, 0.226229
6.179298, 0.466962, 0.231011
6.195081, 0.478270, 0.235948
6.210879, 0.489764, 0.240998
6.226695, 0.501390, 0.246134
6.242527, 0.513134, 0.251344
6.258375, 0.525016, 0.256639
6.274240, 0.537081, 0.262043
6.290121, 0.549379, 0.267588
6.306019, 0.561943, 0.273303
6.321934, 0.574780, 0.279206
6.337865, 0.587860, 0.285298
6.353813, 0.601122, 0.291562
6.369778, 0.614479, 0.297965
6.385759, 0.627831, 0.304459
6.401758, 0.641071, 0.310989
6.417773, 0.654097, 0.317495
6.433804, 0.666817, 0.323916
6.449853, 0.679163, 0.330194
6.465918, 0.691104, 0.336279
6.482001, 0.702663, 0.342141
6.498100, 0.713931, 0.347779
6.514216, 0.725074, 0.353229
6.530349, 0.736329, 0.358574
6.546499, 0.747973, 0.363930
6.562666, 0.760291, 0.369444
6.578850, 0.773527, 0.375268
6.595052, 0.787851, 0.381538
6.611270, 0.803325, 0.388358
6.627505, 0.819898, 0.395785
6.643758, 0.837416, 0.403824
6.660028, 0.855644, 0.412438
6.676315, 0.874310, 0.421552
6.692619, 0.893132, 0.431076
6.708940, 0.911859, 0.440914
6.725279, 0.930282, 0.450979
6.741635, 0.948236, 0.461195
6.758009, 0.965600, 0.471500
6.774399, 0.982289, 0.481839
6.790808, 0.998271, 0.492169
6.807233, 1.013580, 0.502466
6.823676, 1.028340, 0.512738
6.840137, 1.042765, 0.523038
6.856615, 1.057139, 0.533465
6.873111, 1.071773, 0.544164
6.889624, 1.086953, 0.555302
6.906154, 1.102885, 0.567048
6.922703, 1.119661, 0.579552
6.939269, 1.137230, 0.592921
6.955853, 1.155393, 0.607209
6.972454, 1.173815, 0.622410
6.989073, 1.192056, 0.638457
7.005710, 1.209621, 0.655234
7.022365, 1.226017, 0.672591
7.039037, 1.240805, 0.690367
7.055728, 1.253636, 0.708410
7.072436, 1.264259, 0.726594
7.089162, 1.272511, 0.744820
7.105906, 1.278292, 0.763011
7.122668, 1.281550, 0.781112
7.139448, 1.282259, 0.799077
7.156246, 1.280391, 0.816863
7.173062, 1.275885, 0.834409
7.189897, 1.268607, 0.851595
7.206749, 1.258352, 0.868199
7.223619, 1.244879, 0.883852
7.240508, 1.228005, 0.898029
7.257415, 1.207714, 0.910088
7.274340, 1.184252, 0.919358
7.291283, 1.158167, 0.925275
7.308245, 1.130271, 0.927507
7.325225, 1.101536, 0.926043
7.342223, 1.072966, 0.921214
7.359239, 1.045476, 0.913639
7.376274, 1.019816, 0.904117
7.393328, 0.996542, 0.893525
7.410400, 0.976013, 0.882720
7.427490, 0.958421, 0.872483
7.444599, 0.943800, 0.863476
7.461727, 0.932045, 0.856230
7.478873, 0.922909, 0.851124
7.496037, 0.916006, 0.848384
7.513221, 0.910809, 0.848071
7.530423, 0.906667, 0.850077
7.547643, 0.902821, 0.854125
7.564883, 0.898445, 0.859764
7.582141, 0.892699, 0.866367
7.599418, 0.884793, 0.873138
7.616714, 0.874078, 0.879135
7.634029, 0.860139, 0.883330
7.651362, 0.842870, 0.884719
7.668715, 0.822511, 0.882469
7.686086, 0.799618, 0.876066
7.703477, 0.774968, 0.865418
7.720886, 0.749421, 0.850867
7.738314, 0.723793, 0.833104
7.755762, 0.698743, 0.813013
7.773229, 0.674724, 0.791500
7.790715, 0.651966, 0.769347
7.808220, 0.630501, 0.747122
7.825744, 0.610215, 0.725152
7.843287, 0.590901, 0.703541
7.860850, 0.572329, 0.682236
7.878432, 0.554304, 0.661107
7.896033, 0.536714, 0.640034
7.913654, 0.519560, 0.618984
7.931294, 0.502963, 0.598061
7.948953, 0.487132, 0.577513
7.966632, 0.472328, 0.557693
7.984331, 0.458803, 0.539005
8.002049, 0.446760, 0.521823
8.019786, 0.436309, 0.506436
8.037543, 0.427449, 0.493002
8.055320, 0.420066, 0.481534
8.073117, 0.413937, 0.471900
8.090933, 0.408749, 0.463838
8.108768, 0.404138, 0.456993
8.126624, 0.399716, 0.450950
8.144499, 0.395112, 0.445272
8.162394, 0.389999, 0.439535
8.180309, 0.384109, 0.433345
8.198244, 0.377246, 0.426359
8.216199, 0.369296, 0.418295
8.234174, 0.360233, 0.408965
8.252168, 0.350136, 0.398297
8.270183, 0.339187, 0.386365
8.288218, 0.327658, 0.373391
8.306273, 0.315880, 0.359717
8.324348, 0.304202, 0.345761
8.342443, 0.292949, 0.331954
8.360558, 0.282390, 0.318686
8.378694, 0.272721, 0.306268
8.396849, 0.264059, 0.294911
8.415025, 0.256450, 0.284730
8.433222, 0.249875, 0.275752
8.451438, 0.244268, 0.267933
8.469676, 0.239528, 0.261180
8.487933, 0.235527, 0.255361
8.506211, 0.232125, 0.250320
8.524509, 0.229171, 0.245895
8.542828, 0.226517, 0.241917
8.561168, 0.224013, 0.238221
8.579528, 0.221519, 0.234649
8.597909, 0.218900, 0.231049
8.616310, 0.216036, 0.227284
8.634732, 0.212832, 0.223237
8.653175, 0.209229, 0.218826
8.671639, 0.205215, 0.214018
8.690123, 0.200828, 0.208836
8.708629, 0.196144, 0.203350
8.727155, 0.191264, 0.197662
8.745702, 0.186292, 0.191883
8.764270, 0.181319, 0.186116
8.782859, 0.176415, 0.180442
8.801469, 0.171633, 0.174924
8.820100, 0.167011, 0.169606
8.838752, 0.162576, 0.164514
8.857425, 0.158339, 0.159663
8.876119, 0.154300, 0.155048
8.894835, 0.150446, 0.150652
8.913572, 0.146756, 0.146447
8.932330, 0.143209, 0.142407
8.951109, 0.139792, 0.138511
8.969910, 0.136504, 0.134755
8.988732, 0.133352, 0.131145
9.007575, 0.130349, 0.127696
9.026440, 0.127508, 0.124424
9.045327, 0.124836, 0.121339
9.064235, 0.122332, 0.118443
9.083164, 0.119983, 0.115726
9.102115, 0.117768, 0.113167
9.121088, 0.115659, 0.110735
9.140082, 0.113623, 0.108395
9.159098, 0.111634, 0.106117
9.178136, 0.109675, 0.103880
9.197196, 0.107745, 0.101680
9.216277, 0.105857, 0.099528
9.235380, 0.104036, 0.097448
9.254506, 0.102307, 0.095468
9.273653, 0.100697, 0.093613
9.292822, 0.099220, 0.091902
9.312013, 0.097877, 0.090337
9.331226, 0.096657, 0.088909
9.350461, 0.095540, 0.087598
9.369719, 0.094493, 0.086375
9.388998, 0.093486, 0.085204
9.408300, 0.092485, 0.084052
9.427624, 0.091468, 0.082895
9.446970, 0.090424, 0.081717
9.466338, 0.089355, 0.080517
9.485729, 0.088271, 0.079303
9.505142, 0.087182, 0.078087
9.524578, 0.086090, 0.076872
9.544036, 0.084985, 0.075652
9.563517, 0.083841, 0.074408
9.583020, 0.082622, 0.073109
9.602546, 0.081292, 0.071725
9.622094, 0.079830, 0.070232
9.641665, 0.078230, 0.068626
9.661259, 0.076507, 0.066916
9.680875, 0.074694, 0.065130
9.700515, 0.072834, 0.063305
9.720177, 0.070975, 0.061482
9.739862, 0.069161, 0.059701
9.759570, 0.067432, 0.057997
9.779300, 0.065818, 0.056398
9.799054, 0.064341, 0.054924
9.818831, 0.063012, 0.053586
9.838631, 0.061835, 0.052391
9.858454, 0.060810, 0.051338
9.878300, 0.059933, 0.050428
9.898169, 0.059199, 0.049656
9.918061, 0.058602, 0.049018
9.937977, 0.058134, 0.048506
9.957916, 0.057780, 0.048105
9.977879, 0.057522, 0.047798
9.997865, 0.057337, 0.047563
10.017874, 0.057201, 0.047377
10.037906, 0.057089, 0.047219
10.057963, 0.056987, 0.047073
10.078042, 0.056884, 0.046928
10.098146, 0.056772, 0.046778
10.118273, 0.056648, 0.046618
10.138423, 0.056501, 0.046442
10.158598, 0.056321, 0.046242
10.178796, 0.056092, 0.046005
10.199018, 0.055799, 0.045718
10.219264, 0.055432, 0.045371
10.239533, 0.054986, 0.044958
10.259827, 0.054466, 0.044480
10.280144, 0.053885, 0.043946
10.300486, 0.053263, 0.043371
10.320852, 0.052620, 0.042774
10.341241, 0.051976, 0.042175
10.361655, 0.051350, 0.041591
10.382093, 0.050751, 0.041033
10.402555, 0.050184, 0.040509
10.423042, 0.049649, 0.040019
10.443553, 0.049144, 0.039560
10.464088, 0.048665, 0.039127
10.484648, 0.048208, 0.038717
10.505232, 0.047772, 0.038326
10.525840, 0.047354, 0.037952
10.546473, 0.046955, 0.037593
10.567131, 0.046573, 0.037250
10.587813, 0.046208, 0.036923
10.608520, 0.045859, 0.036615
10.629252, 0.045525, 0.036326
10.650008, 0.045208, 0.036061
10.670789, 0.044905, 0.035820
10.691595, 0.044616, 0.035603
10.712426, 0.044339, 0.035409
10.733282, 0.044072, 0.035235
10.754163, 0.043816, 0.035079
10.775069, 0.043572, 0.034940
10.796000, 0.043345, 0.034818
10.816956, 0.043140, 0.034717
10.837937, 0.042963, 0.034639
10.858943, 0.042818, 0.034586
10.879975, 0.042709, 0.034560
10.901032, 0.042637, 0.034562
10.922114, 0.042603, 0.034594
10.943222, 0.042608, 0.034653
10.964355, 0.042649, 0.034737
10.985513, 0.042724, 0.034844
11.006697, 0.042827, 0.034968
11.027907, 0.042952, 0.035104
11.049142, 0.043095, 0.035245
11.070403, 0.043249, 0.035388
11.091689, 0.043414, 0.035530
11.113002, 0.043590, 0.035671
11.134340, 0.043779, 0.035814
11.155704, 0.043986, 0.035960
11.177094, 0.044217, 0.036116
11.198510, 0.044479, 0.036286
11.219951, 0.044779, 0.036480
11.241419, 0.045127, 0.036706
11.262913, 0.045529, 0.036973
11.284433, 0.045992, 0.037289
11.305979, 0.046518, 0.037656
11.327552, 0.047109, 0.038072
11.349150, 0.047762, 0.038532
11.370775, 0.048474, 0.039025
11.392427, 0.049245, 0.039543
11.414105, 0.050075, 0.040078
11.435809, 0.050970, 0.040629
11.457540, 0.051940, 0.041200
11.479297, 0.052997, 0.041801
11.501081, 0.054156, 0.042445
11.522892, 0.055434, 0.043146
11.544729, 0.056845, 0.043919
11.566593, 0.058406, 0.044776
11.588484, 0.060133, 0.045726
11.610402, 0.062042, 0.046781
11.632346, 0.064148, 0.047949
11.654318, 0.066467, 0.049238
11.676317, 0.069015, 0.050658
11.698342, 0.071807, 0.052215
11.720395, 0.074857, 0.053915
11.742475, 0.078179, 0.055761
11.764582, 0.081781, 0.057751
11.786717, 0.085660, 0.059878
11.808878, 0.089803, 0.062132
11.831067, 0.094177, 0.064491
11.853284, 0.098732, 0.066928
11.875528, 0.103399, 0.069410
11.897799, 0.108102, 0.071898
11.920098, 0.112766, 0.074351
11.942425, 0.117328, 0.076739
11.964779, 0.121749, 0.079040
11.987161, 0.126015, 0.081249
12.009571, 0.130139, 0.083375
12.032008, 0.134153, 0.085441
12.054474, 0.138102, 0.087478
12.076967, 0.142040, 0.089521
12.099488, 0.146010, 0.091601
12.122038, 0.150034, 0.093737
12.144615, 0.154096, 0.095924
12.167221, 0.158136, 0.098137
12.189854, 0.162051, 0.100321
12.212516, 0.165712, 0.102412
12.235207, 0.168985, 0.104334
12.257925, 0.171750, 0.106024
12.280672, 0.173930, 0.107432
12.303448, 0.175493, 0.108533
12.326252, 0.176462, 0.109328
12.349084, 0.176916, 0.109845
12.371945, 0.176980, 0.110140
12.394835, 0.176817, 0.110287
12.417754, 0.176611, 0.110374
12.440701, 0.176550, 0.110490
12.463677, 0.176794, 0.110719
12.486682, 0.177466, 0.111122
12.509716, 0.178629, 0.111738
12.532779, 0.180285, 0.112572
12.555871, 0.182368, 0.113601
12.578992, 0.184755, 0.114775
12.602142, 0.187275, 0.116019
12.625321, 0.189729, 0.117252
12.648530, 0.191916, 0.118387
12.671768, 0.193662, 0.119348
12.695035, 0.194853, 0.120082
12.718332, 0.195458, 0.120567
12.741658, 0.195535, 0.120825
12.765014, 0.195217, 0.120911
12.788399, 0.194689, 0.120912
12.811814, 0.194160, 0.120927
12.835259, 0.193836, 0.121057
12.858734, 0.193898, 0.121392
12.882238, 0.194478, 0.121998
12.905772, 0.195635, 0.122903
12.929336, 0.197335, 0.124089
12.952931, 0.199450, 0.125488
12.976555, 0.201784, 0.126995
13.000209, 0.204114, 0.128485
13.023894, 0.206233, 0.129840
13.047608, 0.207986, 0.130965
13.071353, 0.209282, 0.131799
13.095129, 0.210091, 0.132312
13.118935, 0.210437, 0.132512
13.142771, 0.210408, 0.132442
13.166637, 0.210164, 0.132190
13.190535, 0.209909, 0.131874
13.214463, 0.209854, 0.131622
13.238421, 0.210161, 0.131540
13.262411, 0.210906, 0.131689
13.286431, 0.212072, 0.132075
13.310482, 0.213556, 0.132656
13.334564, 0.215199, 0.133356
13.358677, 0.216815, 0.134082
13.382821, 0.218228, 0.134751
13.406996, 0.219305, 0.135295
13.431202, 0.219976, 0.135679
13.455440, 0.220259, 0.135903
13.479709, 0.220256, 0.136001
13.504009, 0.220136, 0.136042
13.528340, 0.220110, 0.136123
13.552703, 0.220395, 0.136357
13.577098, 0.221169, 0.136854
13.601524, 0.222551, 0.137711
13.625982, 0.224574, 0.138981
13.650471, 0.227182, 0.140674
13.674993, 0.230250, 0.142745
13.699546, 0.233602, 0.145112
13.724131, 0.237029, 0.147655
13.748748, 0.240292, 0.150229
13.773397, 0.243121, 0.152662
13.798078, 0.245240, 0.154766
13.822792, 0.246419, 0.156367
13.847537, 0.246542, 0.157341
13.872315, 0.245649, 0.157650
13.897125, 0.243937, 0.157356
13.921968, 0.241706, 0.156603
13.946843, 0.239296, 0.155576
13.971750, 0.237010, 0.154460
13.996690, 0.235074, 0.153403
14.021663, 0.233625, 0.152509
14.046669, 0.232717, 0.151838
14.071707, 0.232350, 0.151418
14.096778, 0.232486, 0.151254
14.121882, 0.233058, 0.151333
14.147020, 0.233980, 0.151630
14.172190, 0.235156, 0.152107
14.197393, 0.236495, 0.152724
14.222629, 0.237922, 0.153443
14.247899, 0.239375, 0.154220
14.273202, 0.240801, 0.155010
14.298538, 0.242149, 0.155770
14.323908, 0.243369, 0.156457
14.349311, 0.244411, 0.157043
14.374748, 0.245238, 0.157510
14.400219, 0.245839, 0.157854
14.425723, 0.246244, 0.158086
14.451261, 0.246522, 0.158229
14.476833, 0.246768, 0.158319
14.502439, 0.247072, 0.158395
14.528079, 0.247506, 0.158497
14.553752, 0.248112, 0.158660
14.579460, 0.248899, 0.158901
14.605202, 0.249839, 0.159226
14.630979, 0.250883, 0.159625
14.656789, 0.251985, 0.160094
14.682634, 0.253141, 0.160644
14.708514, 0.254394, 0.161305
14.734428, 0.255813, 0.162117
14.760376, 0.257450, 0.163100
14.786360, 0.259309, 0.164249
14.812378, 0.261355, 0.165528
14.838431, 0.263538, 0.166894
14.864518, 0.265846, 0.168313
14.890641, 0.268323, 0.169780
14.916799, 0.271074, 0.171321
14.942991, 0.274225, 0.172978
14.969219, 0.277879, 0.174793
14.995482, 0.282059, 0.176773
15.021781, 0.286669, 0.178882
15.048114, 0.291491, 0.181033
15.074484, 0.296221, 0.183114
15.100888, 0.300536, 0.185018
15.127329, 0.304179, 0.186672
15.153804, 0.307028, 0.188052
15.180316, 0.309121, 0.189193
15.206864, 0.310618, 0.190165
15.233447, 0.311735, 0.191053
15.260066, 0.312642, 0.191912
15.286721, 0.313411, 0.192749
15.313413, 0.314007, 0.193521
15.340140, 0.314342, 0.194154
15.366904, 0.314346, 0.194586
15.393704, 0.314007, 0.194780
15.420541, 0.313372, 0.194737
15.447414, 0.312516, 0.194482
15.474323, 0.311524, 0.194053
15.501269, 0.310495, 0.193504
15.528252, 0.309563, 0.192906
15.555271, 0.308911, 0.192364
15.582328, 0.308758, 0.192005
15.609421, 0.309311, 0.191972
15.636551, 0.310705, 0.192380
15.663718, 0.312943, 0.193285
15.690923, 0.315874, 0.194649
15.718164, 0.319245, 0.196355
15.745443, 0.322797, 0.198250
15.772760, 0.326362, 0.200193
15.800113, 0.329894, 0.202088
15.827504, 0.333423, 0.203884
15.854933, 0.336996, 0.205562
15.882400, 0.340650, 0.207133
15.909904, 0.344421, 0.208639
15.937446, 0.348365, 0.210142
15.965026, 0.352557, 0.211707
15.992644, 0.357077, 0.213378
16.020300, 0.361997, 0.215166
16.047994, 0.367380, 0.217058
16.075727, 0.373306, 0.219041
16.103497, 0.379906, 0.221133
16.131306, 0.387384, 0.223405
16.159154, 0.395987, 0.225971
16.187040, 0.405930, 0.228964
16.214964, 0.417322, 0.232493
16.242928, 0.430138, 0.236627
16.270930, 0.444239, 0.241391
16.298971, 0.459388, 0.246770
16.327051, 0.475252, 0.252705
16.355170, 0.491402, 0.259092
16.383328, 0.507358, 0.265780
16.411525, 0.522685, 0.272606
16.439762, 0.537076, 0.279424
16.468038, 0.550357, 0.286120
16.496353, 0.562397, 0.292599
16.524708, 0.572990, 0.298747
16.553102, 0.581783, 0.304393
16.581536, 0.588342, 0.309313
16.610010, 0.592321, 0.313275
16.638524, 0.593650, 0.316116
16.667077, 0.592618, 0.317792
16.695671, 0.589847, 0.318393
16.724305, 0.586187, 0.318137
16.752978, 0.582506, 0.317326
16.781693, 0.579403, 0.316250
16.810447, 0.577002, 0.315082
16.839242, 0.574977, 0.313826
16.868078, 0.572857, 0.312381
16.896954, 0.570390, 0.310674
16.925870, 0.567760, 0.308762
16.954828, 0.565572, 0.306860
16.983826, 0.564684, 0.305298
17.012866, 0.565965, 0.304426
17.041946, 0.570061, 0.304532
17.071068, 0.577257, 0.305781
17.100231, 0.587465, 0.308206
17.129435, 0.600336, 0.311747
17.158680, 0.615418, 0.316313
17.187967, 0.632286, 0.321838
17.217295, 0.650555, 0.328301
17.246666, 0.669748, 0.335693
17.276078, 0.689081, 0.343914
17.305531, 0.707329, 0.352659
17.335027, 0.723004, 0.361379
17.364565, 0.734848, 0.369373
17.394144, 0.742372, 0.376018
17.423766, 0.746063, 0.381001
17.453430, 0.747125, 0.384415
17.483137, 0.747002, 0.386665
17.512886, 0.746974, 0.388279
17.542678, 0.747904, 0.389719
17.572512, 0.750116, 0.391280
17.602389, 0.753356, 0.393062
17.632309, 0.756883, 0.394983
17.662271, 0.759732, 0.396824
17.692277, 0.761070, 0.398296
17.722326, 0.760480, 0.399146
17.752418, 0.758048, 0.399241
17.782553, 0.754234, 0.398597
17.812732, 0.749672, 0.397355
17.842954, 0.745006, 0.395738
17.873220, 0.740772, 0.394010
17.903530, 0.737294, 0.392412
17.933883, 0.734627, 0.391092
17.964280, 0.732539, 0.390063
17.994721, 0.730553, 0.389184
18.025206, 0.728078, 0.388218
18.055735, 0.724667, 0.386930
18.086308, 0.720235, 0.385192
18.116926, 0.715070, 0.383017
18.147588, 0.709647, 0.380511
18.178295, 0.704411, 0.377786
18.209047, 0.699667, 0.374908
18.239843, 0.695612, 0.371898
18.270683, 0.692483, 0.368769
18.301569, 0.690731, 0.365620
18.332500, 0.691092, 0.362698
18.363476, 0.694443, 0.360386
18.394497, 0.701517, 0.359092
18.425564, 0.712656, 0.359116
18.456676, 0.727750, 0.360569
18.487833, 0.746398, 0.363402
18.519036, 0.768178, 0.367496
18.550285, 0.792861, 0.372760
18.581579, 0.820463, 0.379177
18.612920, 0.851145, 0.386795
18.644306, 0.885024, 0.395679
18.675739, 0.921961, 0.405868
18.707217, 0.961369, 0.417340
18.738743, 1.002130, 0.430012
18.770314, 1.042616, 0.443722
18.801932, 1.080829, 0.458151
18.833597, 1.114758, 0.472755
18.865308, 1.142959, 0.486836
18.897067, 1.165043, 0.499786
18.928872, 1.181726, 0.511330
18.960724, 1.194341, 0.521564
18.992623, 1.204135, 0.530768
19.024570, 1.211886, 0.539192
19.056564, 1.218001, 0.547021
19.088605, 1.222748, 0.554454
19.120694, 1.226223, 0.561700
19.152831, 1.228207, 0.568852
19.185015, 1.228322, 0.575823
19.217248, 1.226398, 0.582477
19.249528, 1.222510, 0.588765
19.281857, 1.216455, 0.594634
19.314233, 1.207265, 0.599718
19.346658, 1.193483, 0.603149
19.379132, 1.174169, 0.603775
19.411653, 1.149801, 0.600712
19.444224, 1.122295, 0.593839
19.476843, 1.094215, 0.583885
19.509511, 1.067744, 0.572074
19.542229, 1.044008, 0.559576
19.574995, 1.023044, 0.547111
19.607810, 1.004357, 0.534916
19.640675, 0.987618, 0.522990
19.673589, 0.973020, 0.511363
19.706553, 0.961250, 0.500196
19.739566, 0.953351, 0.489778
19.772629, 0.950575, 0.480497
19.805742, 0.954212, 0.472788
19.838905, 0.965496, 0.467104
19.872118, 0.985658, 0.463945
19.905381, 1.015964, 0.463897
19.938694, 1.057509, 0.467595
19.972058, 1.110754, 0.475591
20.005473, 1.174887, 0.488200
20.038938, 1.247113, 0.505327
20.072454, 1.322215, 0.526298
20.106020, 1.393141, 0.549778
20.139638, 1.453160, 0.573953
20.173307, 1.498758, 0.597081
20.207027, 1.530983, 0.618163
20.240799, 1.553911, 0.637236
20.274622, 1.571629, 0.655000
20.308496, 1.586261, 0.672113
20.342422, 1.598026, 0.688767
20.376400, 1.606462, 0.704795
20.410431, 1.611314, 0.720032
20.444513, 1.612404, 0.734471
20.478647, 1.609003, 0.748057
20.512833, 1.599695, 0.760358
20.547072, 1.583112, 0.770462
20.581364, 1.558994, 0.777216
20.615708, 1.528621, 0.779669
20.650105, 1.494245, 0.777401
20.684555, 1.458175, 0.770535
20.719058, 1.422396, 0.759543
20.753614, 1.388762, 0.745133
20.788224, 1.359156, 0.728268
20.822886, 1.335366, 0.710124
20.857603, 1.318942, 0.691961
20.892373, 1.311247, 0.674988
20.927196, 1.313620, 0.660321
20.962074, 1.327353, 0.648982
20.997006, 1.353355, 0.641823
21.031991, 1.391690, 0.639398
21.067031, 1.441153, 0.641859
21.102126, 1.499004, 0.648960
21.137275, 1.560867, 0.660143
21.172478, 1.620955, 0.674612
21.207737, 1.672952, 0.691345
21.243050, 1.711779, 0.709092
21.278419, 1.735628, 0.726551
21.313842, 1.746625, 0.742771
21.349321, 1.748972, 0.757451
21.384855, 1.746014, 0.770714
21.420445, 1.738764, 0.782541
21.456091, 1.726717, 0.792393
21.491792, 1.709861, 0.799327
21.527549, 1.690151, 0.802523
21.563363, 1.671322, 0.801907
21.599232, 1.657210, 0.798422
21.635158, 1.649883, 0.793672
21.671141, 1.649048, 0.789173
21.707180, 1.653028, 0.785833
21.743275, 1.660369, 0.783960
21.779428, 1.670608, 0.783614
21.815638, 1.683764, 0.784870
21.851904, 1.699570, 0.787850
21.888228, 1.717105, 0.792673
21.924610, 1.734514, 0.799416
21.961049, 1.748688, 0.808002
21.997546, 1.755559, 0.818047
22.034100, 1.751473, 0.828771
22.070713, 1.734991, 0.839152
22.107383, 1.707573, 0.848305
22.144112, 1.672395, 0.855856
22.180900, 1.632538, 0.861997
22.217745, 1.590204, 0.867303
22.254650, 1.546902, 0.872482
22.291613, 1.503548, 0.878050
22.328635, 1.460358, 0.883969
22.365717, 1.417077, 0.889538
22.402857, 1.373674, 0.893720
22.440057, 1.331025, 0.895643
22.477316, 1.291004, 0.894998
22.514635, 1.255849, 0.892211
22.552014, 1.227259, 0.888400
22.589453, 1.205841, 0.885108
22.626952, 1.191013, 0.883952
22.664511, 1.180922, 0.886234
22.702131, 1.172366, 0.892449
22.739810, 1.161457, 0.901861
22.777551, 1.145356, 0.912475
22.815353, 1.124039, 0.921621
22.853215, 1.100397, 0.927001
22.891139, 1.078367, 0.927686
22.929123, 1.060759, 0.924454
22.967170, 1.048306, 0.919236
23.005277, 1.040022, 0.914113
23.043447, 1.034005, 0.910468
23.081678, 1.028187, 0.908537
23.119971, 1.021118, 0.907452
23.158327, 1.012484, 0.905867
23.196745, 1.002907, 0.902692
23.235225, 0.993312, 0.897356
23.273768, 0.984601, 0.889616
23.312373, 0.977919, 0.879559
23.351042, 0.974936, 0.868028
23.389773, 0.977434, 0.856907
23.428568, 0.986422, 0.848730
23.467426, 1.001511, 0.845900
23.506348, 1.020748, 0.850010
23.545333, 1.040769, 0.861422
23.584383, 1.057407, 0.879122
23.623496, 1.067011, 0.900969
23.662673, 1.067962, 0.924421
23.701915, 1.061059, 0.947460
23.741221, 1.048302, 0.969109
23.780592, 1.031406, 0.989211
23.820028, 1.011319, 1.007741
23.859528, 0.988722, 1.024270
23.899094, 0.964621, 1.038037
23.938725, 0.940346, 1.048502
23.978421, 0.916940, 1.055817
24.018183, 0.894553, 1.060747
24.058011, 0.872399, 1.064164
24.097905, 0.849341, 1.066632
24.137865, 0.824491, 1.068338
24.177891, 0.797518, 1.068889
24.217983, 0.768902, 1.066929
24.258142, 0.740118, 1.060448
24.298368, 0.713263, 1.047998
24.338661, 0.690255, 1.029767
24.379021, 0.672272, 1.007560
24.419448, 0.659784, 0.983968
24.459943, 0.652867, 0.961551
24.500505, 0.651393, 0.942406
24.541134, 0.654906, 0.928067
24.581832, 0.662150, 0.919405
24.622598, 0.670692, 0.916160
24.663432, 0.677608, 0.916582
24.704335, 0.681073, 0.918164
24.745306, 0.681075, 0.919165
24.786346, 0.678368, 0.919143
24.827455, 0.673166, 0.917963
24.868633, 0.665076, 0.914757
24.909881, 0.654018, 0.908234
24.951198, 0.640808, 0.897669
24.992584, 0.627053, 0.883295
25.034041, 0.614706, 0.866276
25.075567, 0.605368, 0.848585
25.117164, 0.599546, 0.832345
25.158831, 0.596470, 0.818774
25.200568, 0.594821, 0.807637
25.242377, 0.593820, 0.797780
25.284256, 0.593678, 0.788230
25.326206, 0.595106, 0.778882
25.368228, 0.598758, 0.770539
25.410321, 0.605107, 0.764672
25.452485, 0.614297, 0.762936
25.494722, 0.625741, 0.766320
25.537030, 0.638144, 0.774443
25.579411, 0.650379, 0.785820
25.621864, 0.662414, 0.799144
25.664390, 0.674902, 0.814467
25.706988, 0.687438, 0.832928
25.749659, 0.697244, 0.854978
25.792403, 0.700123, 0.878669
25.835221, 0.693353, 0.899821
25.878112, 0.677751, 0.914255
25.921077, 0.656914, 0.920117
25.964116, 0.634746, 0.918294
26.007229, 0.613606, 0.910905
26.050416, 0.594202, 0.899635
26.093677, 0.576545, 0.885364
26.137013, 0.560621, 0.868637
26.180424, 0.546684, 0.850021
26.223910, 0.535496, 0.830636
26.267471, 0.528093, 0.812605
26.311108, 0.525016, 0.798515
26.354820, 0.525761, 0.790165
26.398608, 0.528916, 0.787751
26.442472, 0.532755, 0.789966
26.486413, 0.535899, 0.794719
26.530429, 0.537813, 0.800106
26.574522, 0.538708, 0.805236
26.618692, 0.538686, 0.810115
26.662940, 0.537049, 0.814466
26.707264, 0.532869, 0.816969
26.751665, 0.526287, 0.816112
26.796145, 0.518791, 0.811702
26.840702, 0.512101, 0.805066
26.885337, 0.507034, 0.797828
26.930050, 0.503344, 0.790783
26.974842, 0.500390, 0.783892
27.019712, 0.497889, 0.777241
27.064662, 0.495954, 0.771694
27.109690, 0.494662, 0.768239
27.154798, 0.493945, 0.767055
27.199985, 0.493676, 0.767422
27.245251, 0.493706, 0.768252
27.290598, 0.494173, 0.768799
27.336025, 0.495822, 0.769283
27.381532, 0.499481, 0.770976
27.427119, 0.504875, 0.775324
27.472788, 0.510180, 0.782568
27.518537, 0.513242, 0.791229
27.564367, 0.513377, 0.799149
27.610279, 0.511819, 0.804952
27.656272, 0.510726, 0.808543
27.702348, 0.512085, 0.811035
27.748505, 0.516858, 0.814565
27.794744, 0.524186, 0.821253
27.841067, 0.531294, 0.831549
27.887471, 0.534648, 0.843488
27.933959, 0.531782, 0.853495
27.980530, 0.522567, 0.858203
28.027184, 0.508857, 0.856180
28.073922, 0.492844, 0.848015
28.120743, 0.475950, 0.835002
28.167649, 0.459176, 0.818408
28.214639, 0.443767, 0.799874
28.261713, 0.431003, 0.781574
28.308872, 0.421492, 0.765309
28.356116, 0.414796, 0.751532
28.403446, 0.409760, 0.739469
28.450860, 0.405242, 0.728169
28.498361, 0.400632, 0.717309
28.545947, 0.395813, 0.706868
28.593619, 0.391048, 0.696617
28.641378, 0.386931, 0.686441
28.689223, 0.384180, 0.676639
28.737155, 0.383377, 0.667581
28.785174, 0.384873, 0.659579
28.833280, 0.388800, 0.653294
28.881474, 0.395093, 0.649886
28.929756, 0.403305, 0.650534
28.978126, 0.412185, 0.655470
29.026584, 0.419495, 0.663013
29.075130, 0.422794, 0.669634
29.123765, 0.420958, 0.671689
29.172489, 0.414933, 0.667640
29.221303, 0.406807, 0.658603
29.270206, 0.398207, 0.646821
29.319198, 0.389607, 0.633958
29.368281, 0.380751, 0.620524
29.417453, 0.371477, 0.606330
29.466717, 0.362270, 0.591513
29.516071, 0.354064, 0.577177
29.565515, 0.347504, 0.564834
29.615051, 0.342464, 0.555425
29.664679, 0.338192, 0.548963
29.714398, 0.333704, 0.544573
29.764209, 0.328238, 0.540679
29.814113, 0.321674, 0.535778
29.864109, 0.314575, 0.529345
29.914197, 0.307690, 0.521830
29.964379, 0.301590, 0.514039
30.014654, 0.296737, 0.506911
30.065022, 0.293490, 0.501382
30.115484, 0.291754, 0.497786
30.166041, 0.290757, 0.495399
30.216691, 0.289361, 0.492838
30.267436, 0.286669, 0.488851
30.318276, 0.282449, 0.482827
30.369211, 0.277087, 0.474884
30.420242, 0.271291, 0.465668
30.471368, 0.265855, 0.456204
30.522589, 0.261360, 0.447717
30.573908, 0.257807, 0.441062
30.625322, 0.254699, 0.436145
30.676833, 0.251656, 0.432190
30.728442, 0.248777, 0.428570
30.780147, 0.246256, 0.425039
30.831950, 0.243918, 0.421338
30.883851, 0.241301, 0.416972
30.935850, 0.238152, 0.411467
30.987947, 0.234657, 0.404853
31.040143, 0.231183, 0.397709
31.092438, 0.227927, 0.390699
31.144832, 0.224897, 0.384127
31.197326, 0.222114, 0.377947
31.249919, 0.219738, 0.372140
31.302613, 0.217948, 0.366943
31.355406, 0.216744, 0.362668
31.408301, 0.215894, 0.359413
31.461296, 0.215064, 0.357007
31.514393, 0.214032, 0.355229
31.567591, 0.212827, 0.353954
31.620891, 0.211673, 0.353151
31.674292, 0.210721, 0.352840
31.727797, 0.209758, 0.352816
31.781404, 0.208402, 0.352494
31.835114, 0.206567, 0.351370
31.888927, 0.204495, 0.349491
31.942844, 0.202449, 0.347223
31.996864, 0.200585, 0.344721
32.050989, 0.199011, 0.341874
32.105219, 0.197861, 0.338731
32.159553, 0.197229, 0.335674
32.213992, 0.197016, 0.332995
32.268536, 0.196965, 0.330651
32.323186, 0.196906, 0.328529
32.377943, 0.196814, 0.326673
32.432805, 0.196583, 0.325073
32.487774, 0.196001, 0.323524
32.542850, 0.194857, 0.321693
32.598033, 0.193036, 0.319172
32.653324, 0.190623, 0.315664
32.708723, 0.187986, 0.311255
32.764230, 0.185676, 0.306546
32.819845, 0.184072, 0.302316
32.875569, 0.183166, 0.299027
32.931403, 0.182714, 0.296728
32.987345, 0.182472, 0.295131
33.043398, 0.182330, 0.293793
33.099560, 0.182329, 0.292477
33.155833, 0.182468, 0.291173
33.212217, 0.182651, 0.289815
33.268712, 0.182972, 0.288448
33.325318, 0.183739, 0.287463
33.382036, 0.185156, 0.287327
33.438866, 0.187171, 0.288284
33.495809, 0.189384, 0.290083
33.552864, 0.191118, 0.291934
33.610032, 0.191874, 0.293027
33.667314, 0.191724, 0.293013
33.724710, 0.191214, 0.292172
33.782219, 0.190829, 0.291158
33.839843, 0.190513, 0.290404
33.897582, 0.189775, 0.289827
33.955435, 0.188251, 0.289009
34.013405, 0.186097, 0.287664
34.071490, 0.183788, 0.285958
34.129691, 0.181602, 0.284292
34.188009, 0.179455, 0.282855
34.246443, 0.177206, 0.281540
34.304995, 0.174819, 0.280145
34.363664, 0.172262, 0.278462
34.422451, 0.169385, 0.276094
34.481357, 0.166050, 0.272483
34.540381, 0.162324, 0.267467
34.599524, 0.158426, 0.261423
34.658786, 0.154682, 0.254990
34.718168, 0.151374, 0.248827
34.777670, 0.148595, 0.243312
34.837293, 0.146406, 0.238611
34.897036, 0.144933, 0.234906
34.956901, 0.144284, 0.232394
35.016887, 0.144511, 0.231259
35.076995, 0.145374, 0.231445
35.137225, 0.146240, 0.232324
35.197578, 0.146551, 0.233015
35.258054, 0.146185, 0.232954
35.318653, 0.145233, 0.231884
35.379376, 0.143712, 0.229601
35.440223, 0.141740, 0.226172
35.501195, 0.139750, 0.222301
35.562291, 0.138185, 0.218918
35.623513, 0.137000, 0.216256
35.684861, 0.135837, 0.213861
35.746334, 0.134519, 0.211359
35.807935, 0.133069, 0.208768
35.869661, 0.131517, 0.206274
35.931516, 0.129872, 0.203960
35.993498, 0.127985, 0.201577
36.055607, 0.125600, 0.198596
36.117846, 0.122813, 0.194831
36.180213, 0.120181, 0.190938
36.242709, 0.118210, 0.187892
36.305335, 0.116888, 0.186035
36.368091, 0.115801, 0.184940
36.430978, 0.114609, 0.183985
36.493995, 0.113434, 0.183033
36.557144, 0.112635, 0.182524
36.620424, 0.112218, 0.182754
36.683836, 0.111701, 0.183367
36.747381, 0.110518, 0.183573
36.811059, 0.108576, 0.182897
36.874870, 0.106310, 0.181627
36.938815, 0.104142, 0.180256
37.002894, 0.102190, 0.178891
37.067107, 0.100338, 0.177241
37.131456, 0.098513, 0.175020
37.195940, 0.096872, 0.172390
37.260560, 0.095543, 0.169729
37.325316, 0.094430, 0.167189
37.390209, 0.093386, 0.164786
37.455239, 0.092359, 0.162495
37.520407, 0.091356, 0.160224
37.585712, 0.090390, 0.157924
37.651157, 0.089362, 0.155444
37.716740, 0.088146, 0.152493
37.782462, 0.086900, 0.149217
37.848324, 0.085897, 0.146208
37.914327, 0.085202, 0.143894
37.980470, 0.084655, 0.142275
38.046754, 0.084024, 0.140930
38.113180, 0.083270, 0.139447
38.179748, 0.082561, 0.137773
38.246459, 0.082000, 0.136002
38.313313, 0.081556, 0.134274
38.380309, 0.081212, 0.132844
38.447450, 0.080919, 0.131736
38.514735, 0.080508, 0.130520
38.582165, 0.079864, 0.128773
38.649741, 0.079226, 0.126700
38.717462, 0.079038, 0.125032
38.785329, 0.079335, 0.124037
38.853343, 0.079737, 0.123244
38.921504, 0.080071, 0.122318
38.989813, 0.080563, 0.121565
39.058270, 0.081396, 0.121455
39.126876, 0.082446, 0.122099
39.195630, 0.083350, 0.123149
39.264535, 0.083609, 0.123845
39.333589, 0.082987, 0.123494
39.402794, 0.081788, 0.122125
39.472150, 0.080564, 0.120557
39.541658, 0.079648, 0.119583
39.611317, 0.079060, 0.119344
39.681129, 0.078581, 0.119457
39.751095, 0.077887, 0.119326
39.821214, 0.076929, 0.118650
39.891486, 0.075938, 0.117698
39.961914, 0.075036, 0.116849
40.032496, 0.074249, 0.116263
40.103235, 0.073625, 0.115981
40.174129, 0.073102, 0.115860
40.245180, 0.072492, 0.115524
40.316388, 0.071624, 0.114708
40.387754, 0.070442, 0.113448
40.459278, 0.069029, 0.111806
40.530960, 0.067506, 0.109606
40.602802, 0.066140, 0.107035
40.674804, 0.065116, 0.104683
40.746966, 0.064336, 0.102735
40.819289, 0.063664, 0.100949
40.891773, 0.063059, 0.099180
40.964420, 0.062617, 0.097674
41.037228, 0.062467, 0.096851
41.110200, 0.062468, 0.096809
41.183335, 0.062269, 0.097160
41.256635, 0.061778, 0.097468
41.330099, 0.061209, 0.097681
41.403728, 0.060701, 0.097984
41.477524, 0.059999, 0.098266
41.551485, 0.058783, 0.098032
41.625614, 0.057285, 0.097154
41.699909, 0.055947, 0.096126
41.774373, 0.054854, 0.095236
41.849006, 0.053844, 0.094234
41.923808, 0.052834, 0.092858
41.998779, 0.051772, 0.091116
42.073921, 0.050672, 0.089273
42.149234, 0.049692, 0.087697
42.224718, 0.048911, 0.086474
42.300375, 0.048319, 0.085418
42.376204, 0.047952, 0.084535
42.452206, 0.047730, 0.083922
42.528383, 0.047525, 0.083422
42.604733, 0.047247, 0.082781
42.681259, 0.046747, 0.081692
42.757961, 0.046119, 0.080307
42.834838, 0.045591, 0.079091
42.911893, 0.045122, 0.077992
42.989125, 0.044497, 0.076655
43.066536, 0.043650, 0.074992
43.144125, 0.042645, 0.073071
43.221893, 0.041484, 0.070797
43.299841, 0.040311, 0.068338
43.377970, 0.039430, 0.066232
43.456281, 0.038905, 0.064640
43.534773, 0.038501, 0.063245
43.613447, 0.038009, 0.061859
43.692305, 0.037479, 0.060680
43.771346, 0.037064, 0.059907
43.850572, 0.036669, 0.059296
43.929983, 0.036023, 0.058405
44.009580, 0.035099, 0.057146
44.089363, 0.034109, 0.055785
44.169333, 0.033202, 0.054558
44.249490, 0.032387, 0.053462
44.329836, 0.031716, 0.052447
44.410371, 0.031290, 0.051574
44.491096, 0.031144, 0.050971
44.572011, 0.031165, 0.050587
44.653117, 0.031232, 0.050291
44.734415, 0.031337, 0.050077
44.815905, 0.031366, 0.049814
44.897588, 0.031165, 0.049298
44.979465, 0.030804, 0.048626
45.061537, 0.030420, 0.047969
45.143803, 0.030071, 0.047332
45.226265, 0.029857, 0.046803
45.308924, 0.029853, 0.046571
45.391780, 0.029908, 0.046549
45.474834, 0.029821, 0.046416
45.558087, 0.029597, 0.046025
45.641539, 0.029292, 0.045399
45.725191, 0.028996, 0.044706
45.809044, 0.028807, 0.044159
45.893098, 0.028689, 0.043722
45.977355, 0.028512, 0.043122
46.061814, 0.028209, 0.042268
46.146477, 0.027918, 0.041504
46.231345, 0.027800, 0.041143
46.316418, 0.027846, 0.041184
46.401697, 0.027803, 0.041296
46.487183, 0.027393, 0.041001
46.572876, 0.026689, 0.040220
46.658777, 0.025902, 0.039202
46.744887, 0.025051, 0.038014
46.831207, 0.024211, 0.036759
46.917737, 0.023492, 0.035692
47.004479, 0.022915, 0.034945
47.091432, 0.022430, 0.034414
47.178599, 0.021921, 0.033865
47.265979, 0.021318, 0.033152
47.353573, 0.020587, 0.032214
47.441382, 0.019744, 0.031079
47.529408, 0.018891, 0.029877
47.617650, 0.018089, 0.028676
47.706110, 0.017316, 0.027435
47.794788, 0.016577, 0.026147
47.883685, 0.015952, 0.024960
47.972803, 0.015501, 0.024015
48.062141, 0.015188, 0.023293
48.151701, 0.014966, 0.022743
48.241483, 0.014780, 0.022316
48.331488, 0.014578, 0.021907
48.421718, 0.014403, 0.021442
48.512172, 0.014365, 0.021018
48.602853, 0.014533, 0.020789
48.693760, 0.014895, 0.020807
48.784894, 0.015427, 0.021083
48.876257, 0.016166, 0.021683
48.967849, 0.017026, 0.022538
49.059671, 0.017731, 0.023323
49.151724, 0.018251, 0.023948
49.244009, 0.018695, 0.024664
49.336526, 0.018849, 0.025400
49.429277, 0.018499, 0.025779
49.522263, 0.017734, 0.025542
49.615484, 0.016967, 0.024922
49.708941, 0.016403, 0.024295
49.802635, 0.015933, 0.023706
49.896568, 0.015498, 0.023161
49.990739, 0.015153, 0.022731
50.085150, 0.014945, 0.022466
50.179802, 0.014879, 0.022367
50.274695, 0.014960, 0.022488
50.369832, 0.014988, 0.022643
50.465211, 0.014751, 0.022480
50.560836, 0.014359, 0.022044
50.656705, 0.013939, 0.021485
50.752821, 0.013618, 0.020972
50.849185, 0.013532, 0.020793
50.945796, 0.013538, 0.020859
51.042657, 0.013404, 0.020835
51.139769, 0.013133, 0.020596
51.237131, 0.012758, 0.020138
51.334745, 0.012249, 0.019411
51.432613, 0.011703, 0.018553
51.530735, 0.011277, 0.017818
51.629112, 0.011078, 0.017402
51.727745, 0.011006, 0.017194
51.826635, 0.010884, 0.016930
51.925783, 0.010715, 0.016587
52.025191, 0.010570, 0.016283
52.124858, 0.010409, 0.015977
52.224787, 0.010214, 0.015605
52.324978, 0.010087, 0.015282
52.425432, 0.010066, 0.015120
52.526151, 0.010118, 0.015130
52.627135, 0.010230, 0.015302
52.728385, 0.010317, 0.015495
52.829903, 0.010152, 0.015307
52.931689, 0.009848, 0.014836
53.033744, 0.009657, 0.014499
53.136071, 0.009588, 0.014364
53.238669, 0.009589, 0.014336
53.341539, 0.009544, 0.014212
53.444684, 0.009431, 0.013972
53.548104, 0.009291, 0.013689
53.651799, 0.009140, 0.013371
53.755772, 0.009019, 0.013111
53.860024, 0.008965, 0.012979
53.964554, 0.008924, 0.012883
54.069365, 0.008885, 0.012790
54.174458, 0.008865, 0.012737
54.279834, 0.008725, 0.012531
54.385493, 0.008425, 0.012094
54.491438, 0.008098, 0.011608
54.597669, 0.007855, 0.011232
54.704187, 0.007693, 0.010978
54.810994, 0.007602, 0.010842
54.918091, 0.007591, 0.010830
55.025479, 0.007538, 0.010773
55.133158, 0.007330, 0.010480
55.241131, 0.007101, 0.010134
55.349399, 0.006836, 0.009739
55.457962, 0.006469, 0.009174
55.566823, 0.006103, 0.008591
55.675981, 0.005817, 0.008128
55.785439, 0.005629, 0.007819
55.895197, 0.005489, 0.007588
56.005257, 0.005374, 0.007396
56.115621, 0.005292, 0.007262
56.226289, 0.005216, 0.007156
56.337262, 0.005071, 0.006970
56.448542, 0.004848, 0.006673
56.560131, 0.004629, 0.006372
56.672029, 0.004457, 0.006131
56.784237, 0.004288, 0.005890
56.896758, 0.004098, 0.005614
57.009592, 0.003890, 0.005310
57.122740, 0.003645, 0.004955
57.236205, 0.003419, 0.004624
57.349987, 0.003256, 0.004384
57.464087, 0.003126, 0.004194
57.578508, 0.002991, 0.004001
57.693250, 0.002880, 0.003849
57.808314, 0.002796, 0.003735
57.923703, 0.002682, 0.003575
58.039416, 0.002520, 0.003348
58.155457, 0.002354, 0.003112
58.271826, 0.002223, 0.002924
58.388524, 0.002141, 0.002802
58.505553, 0.002081, 0.002712
58.622915, 0.001985, 0.002576
58.740611, 0.001852, 0.002391
58.858641, 0.001743, 0.002240
58.977009, 0.001673, 0.002140
59.095714, 0.001640, 0.002091
59.214759, 0.001630, 0.002081
59.334145, 0.001590, 0.002033
59.453873, 0.001492, 0.001901
59.573946, 0.001378, 0.001744
59.694364, 0.001283, 0.001614
59.815128, 0.001211, 0.001514
59.936241, 0.001152, 0.001434
60.057704, 0.001097, 0.001361
60.179519, 0.001057, 0.001307
60.301686, 0.001014, 0.001250
60.424208, 0.000961, 0.001178
60.547086, 0.000905, 0.001100
60.670322, 0.000858, 0.001033
60.793917, 0.000824, 0.000984
60.917873, 0.000799, 0.000950
61.042191, 0.000780, 0.000923
61.166872, 0.000762, 0.000899
61.291920, 0.000745, 0.000875
61.417334, 0.000729, 0.000853
61.543117, 0.000714, 0.000833
61.669271, 0.000701, 0.000815
61.795797, 0.000690, 0.000800
61.922696, 0.000680, 0.000787
62.049971, 0.000671, 0.000775
